-1.000000000000000000e+00,-1.000000000000000000e+00,-1.000000000000000000e+00,-1.000000000000000000e+00,-1.000000000000000000e+00,-1.000000000000000000e+00,-1.000000000000000000e+00,-1.000000000000000000e+00,-1.000000000000000000e+00,-9.989768407214635326e-01,-9.875174568018553201e-01,-9.760580728822469965e-01,-9.645986889626387839e-01,-9.531393050430304603e-01,-9.416799211234221367e-01,-9.302205372038139242e-01,-9.187611532842056006e-01,-9.073017693645973880e-01,-8.953981643082031816e-01,-8.814511420225936700e-01,-8.675041197369841584e-01,-8.535570974513746467e-01,-8.396100751657651351e-01,-8.256630528801556235e-01,-8.117160305945461118e-01,-7.977690083089366002e-01,-7.838219860233269776e-01,-7.743384119340028793e-01,-7.770549295811921553e-01,-7.797714472283814313e-01,-7.824879648755707073e-01,-7.852044825227599834e-01,-7.879210001699492594e-01,-7.906375178171385354e-01,-7.933540354643278114e-01,-7.960705531115169764e-01,-7.964208966702192027e-01,-7.925121268696446730e-01,-7.886033570690701433e-01,-7.846945872684956136e-01,-7.807858174679210839e-01,-7.768770476673465541e-01,-7.729682778667720244e-01,-7.690595080661974947e-01,-7.651507382656229650e-01,-7.602866258695455404e-01,-7.542378886550445971e-01,-7.481891514405436538e-01,-7.421404142260427106e-01,-7.360916770115417673e-01,-7.300429397970408241e-01,-7.239942025825398808e-01,-7.179454653680389375e-01,-7.118967281535381053e-01,-7.019948989382265303e-01,-6.887537233222125188e-01,-6.755125477061983963e-01,-6.622713720901842738e-01,-6.490301964741702623e-01,-6.357890208581561398e-01,-6.225478452421422393e-01,-6.093066696261281168e-01,-5.960654940101139942e-01,-5.744749842461044365e-01,-5.478748739932975953e-01,-5.212747637404906431e-01,-4.946746534876837464e-01,-4.680745432348768498e-01,-4.414744329820700086e-01,-4.148743227292632785e-01,-3.882742124764563818e-01,-3.616741022236494851e-01,-3.452065734414555553e-01,-3.327920772475069788e-01,-3.203775810535584578e-01,-3.079630848596097148e-01,-2.955485886656611383e-01,-2.831340924717123952e-01,-2.707195962777638742e-01,-2.583051000838151312e-01,-2.458906038898666102e-01,-2.389111587011355786e-01,-2.332602815359021142e-01,-2.276094043706687053e-01,-2.219585272054352409e-01,-2.163076500402018321e-01,-2.106567728749683677e-01,-2.050058957097349588e-01,-1.993550185445015777e-01,-1.937041413792681133e-01,-1.737501240966640992e-01,-1.520797299999752938e-01,-1.304093359032868493e-01,-1.087389418065980440e-01,-8.706854770990958559e-02,-6.539815361322079412e-02,-4.372775951653234960e-02,-2.205736541984387733e-02,-3.869713231550997445e-04,0.000000000000000000e+00,0.000000000000000000e+00,0.000000000000000000e+00,0.000000000000000000e+00,0.000000000000000000e+00,0.000000000000000000e+00,0.000000000000000000e+00,0.000000000000000000e+00,0.000000000000000000e+00,0.000000000000000000e+00,0.000000000000000000e+00,0.000000000000000000e+00,0.000000000000000000e+00,0.000000000000000000e+00,0.000000000000000000e+00,0.000000000000000000e+00,0.000000000000000000e+00,4.364761218724085706e-03,3.152327546856178997e-02,5.868178971839992097e-02,8.584030396823762177e-02,1.129988182180753226e-01,1.401573324679134536e-01,1.673158467177511544e-01,1.944743609675892992e-01,2.216328752174270000e-01,2.477592071659922845e-01,2.707889922107387104e-01,2.938187772554854416e-01,3.168485623002318397e-01,3.398783473449782377e-01,3.629081323897250244e-01,3.859379174344714780e-01,4.089677024792182092e-01,4.319974875239646073e-01,4.531663140859955585e-01,4.707111688658954241e-01,4.882560236457955671e-01,5.058008784256954327e-01,5.233457332055952982e-01,5.408905879854954968e-01,5.584354427653953623e-01,5.759802975452955609e-01,5.935251523251954264e-01,6.099940783375510378e-01,6.250284326598483098e-01,6.400627869821450266e-01,6.550971413044417435e-01,6.701314956267384604e-01,6.851658499490351772e-01,7.002002042713323382e-01,7.152345585936290551e-01,7.302689129159257719e-01,7.390776164354903033e-01,7.420900243800969687e-01,7.451024323247038561e-01,7.481148402693106325e-01,7.511272482139174089e-01,7.541396561585241853e-01,7.571520641031309617e-01,7.601644720477377382e-01,7.631768799923445146e-01,7.732318367116635116e-01,7.878437367557964421e-01,8.024556367999298168e-01,8.170675368440627473e-01,8.316794368881955668e-01,8.462913369323284973e-01,8.609032369764617609e-01,8.755151370205946915e-01,8.901270370647276220e-01,8.974123743643660500e-01,9.015040817497376180e-01,9.055957891351094080e-01,9.096874965204809760e-01,9.137792039058525440e-01,9.178709112912242229e-01,9.219626186765957909e-01,9.260543260619674699e-01,9.301460334473391489e-01,9.319281104098624535e-01,9.330802881661544035e-01,9.342324659224464645e-01,9.353846436787384144e-01,9.365368214350304754e-01,9.376889991913224254e-01,9.388411769476144864e-01,9.399933547039064363e-01,9.411455324601984973e-01,9.470547086290195260e-01,9.536434559996302962e-01,9.602322033702413995e-01,9.668209507408522807e-01,9.734096981114631619e-01,9.799984454820740432e-01,9.865871928526848134e-01,9.931759402232959166e-01,9.997646875939067979e-01,9.983253270826579762e-01,9.965886292424513959e-01,9.948519314022448157e-01,9.931152335620382354e-01,9.913785357218316552e-01,9.896418378816250749e-01,9.879051400414184947e-01,9.861684422012119144e-01,9.846178191295988924e-01,9.863545169698054726e-01,9.880912148100120529e-01,9.898279126502186331e-01,9.915646104904252134e-01,9.933013083306317936e-01,9.950380061708383739e-01,9.967747040110449541e-01,9.985114018512515344e-01,9.999682428047997895e-01,9.997459424383983162e-01,9.995236420719969539e-01,9.993013417055954806e-01,9.990790413391940072e-01,9.988567409727925339e-01,9.986344406063911716e-01,9.984121402399896983e-01,9.981898398735882250e-01,9.963998983300269563e-01,9.894246821235528344e-01,9.824494659170786015e-01,9.754742497106043686e-01,9.684990335041300247e-01,9.615238172976557918e-01,9.545486010911816699e-01,9.475733848847074370e-01,9.405981686782329820e-01,9.363179077879993928e-01,9.377269970098288665e-01,9.391360862316583402e-01,9.405451754534877029e-01,9.419542646753172876e-01,9.433633538971466503e-01,9.447724431189761241e-01,9.461815323408055978e-01,9.475906215626350715e-01,9.441373189384461018e-01,9.337075410569266598e-01,9.232777631754071068e-01,9.128479852938876649e-01,9.024182074123678898e-01,8.919884295308484479e-01,8.815586516493290059e-01,8.711288737678095639e-01,8.606990958862901220e-01,8.530630168920790846e-01,8.482206367851768958e-01,8.433782566782748180e-01,8.385358765713727403e-01,8.336934964644704404e-01,8.288511163575683627e-01,8.240087362506662849e-01,8.191663561437642072e-01,8.143239760368621294e-01,8.071035266492673221e-01,7.982256350357357366e-01,7.893477434222040401e-01,7.804698518086724546e-01,7.715919601951405360e-01,7.627140685816088395e-01,7.538361769680772539e-01,7.449582853545455574e-01,7.360803937410139719e-01,7.311655535722647592e-01,7.281279482984128748e-01,7.250903430245609904e-01,7.220527377507091060e-01,7.190151324768571106e-01,7.159775272030052262e-01,7.129399219291533418e-01,7.099023166553014574e-01,7.068647113814495730e-01,7.037375643306434947e-01,7.005833465100607116e-01,6.974291286894778175e-01,6.942749108688950344e-01,6.911206930483122512e-01,6.879664752277293571e-01,6.848122574071465740e-01,6.816580395865636799e-01,6.785038217659808968e-01,6.664413534130873007e-01,6.528941766381413103e-01,6.393469998631954310e-01,6.257998230882503288e-01,6.122526463133043384e-01,5.987054695383592362e-01,5.851582927634133569e-01,5.716111159884673665e-01,5.580639392135222643e-01,5.496860722725347426e-01,5.416008077749794314e-01,5.335155432774235651e-01,5.254302787798676988e-01,5.173450142823122766e-01,5.092597497847564103e-01,5.011744852872010991e-01,4.930892207896451773e-01,4.846841987533149210e-01,4.676457231700824613e-01,4.506072475868489469e-01,4.335687720036165427e-01,4.165302964203830283e-01,3.994918208371495139e-01,3.824533452539171097e-01,3.654148696706835953e-01,3.483763940874500808e-01,3.307417449015185307e-01,3.089338804966918484e-01,2.871260160918665538e-01,2.653181516870398715e-01,2.435102872822131892e-01,2.217024228773878947e-01,1.998945584725612401e-01,1.780866940677359178e-01,1.562788296629092633e-01,1.357979288613024860e-01,1.201825612715023278e-01,1.045671936817011982e-01,8.895182609190105394e-02,7.333645850209992434e-02,5.772109091229879474e-02,4.210572332249865046e-02,2.649035573269752086e-02,1.087498814289736271e-02,-8.716989256223701618e-03,-3.743177739437333201e-02,-6.614656553252114268e-02,-9.486135367067077828e-02,-1.235761418088204000e-01,-1.522909299469682176e-01,-1.810057180851178393e-01,-2.097205062232656569e-01,-2.384352943614152787e-01,-2.740084186181623305e-01,-3.201807896036469314e-01,-3.663531605891345300e-01,-4.125255315746191864e-01,-4.586979025601067850e-01,-5.048702735455943280e-01,-5.510426445310789845e-01,-5.972150155165665275e-01,-6.433873865020511840e-01,-6.694520565139437940e-01,-6.739195662208630200e-01,-6.783870759277819129e-01,-6.828545856347011389e-01,-6.873220953416200318e-01,-6.917896050485392578e-01,-6.962571147554584838e-01,-7.007246244623773768e-01,-7.051921341692966028e-01,-7.100296243442362210e-01,-7.151445998701908557e-01,-7.202595753961458236e-01,-7.253745509221004584e-01,-7.304895264480553152e-01,-7.356045019740102830e-01,-7.407194774999649178e-01,-7.458344530259198857e-01,-7.509494285518745205e-01,-7.577730036629450883e-01,-7.654739677501561923e-01,-7.731749318373667412e-01,-7.808758959245778453e-01,-7.885768600117883942e-01,-7.962778240989994982e-01,-8.039787881862106023e-01,-8.116797522734212622e-01,-8.193807163606322552e-01,-8.252745324719077402e-01,-8.305659659245377968e-01,-8.358573993771680755e-01,-8.411488328297980210e-01,-8.464402662824284107e-01,-8.517316997350586893e-01,-8.570231331876886349e-01,-8.623145666403190246e-01,-8.676060000929489702e-01,-8.639792108135055937e-01,-8.586446767555797610e-01,-8.533101426976542614e-01,-8.479756086397285397e-01,-8.426410745818030401e-01,-8.373065405238772074e-01,-8.319720064659513747e-01,-8.266374724080259861e-01,-8.213029383501001535e-01,-8.209375264736009647e-01,-8.209543547649037487e-01,-8.209711830562066437e-01,-8.209880113475094277e-01,-8.210048396388122116e-01,-8.210216679301149956e-01,-8.210384962214178906e-01,-8.210553245127206745e-01,-8.211653149833311183e-01,-8.263992253158667367e-01,-8.316331356484023551e-01,-8.368670459809377515e-01,-8.421009563134733700e-01,-8.473348666460086553e-01,-8.525687769785443848e-01,-8.578026873110800032e-01,-8.630365976436152886e-01,-8.677375369269634264e-01,-8.679970508004164476e-01,-8.682565646738694687e-01,-8.685160785473224898e-01,-8.687755924207755109e-01,-8.690351062942285321e-01,-8.692946201676815532e-01,-8.695541340411344633e-01,-8.698136479145874844e-01,-8.705724107833853198e-01,-8.733735559058665165e-01,-8.761747010283477133e-01,-8.789758461508286880e-01,-8.817769912733098847e-01,-8.845781363957909704e-01,-8.873792815182721672e-01,-8.901804266407533639e-01,-8.929815717632344496e-01,-8.971593593744154882e-01,-9.047787532073455763e-01,-9.123981470402761085e-01,-9.200175408732066407e-01,-9.276369347061367288e-01,-9.352563285390672609e-01,-9.428757223719973490e-01,-9.504951162049278812e-01,-9.581145100378584134e-01,-9.642705307451183705e-01,-9.679875962429285163e-01,-9.717046617407386622e-01,-9.754217272385485860e-01,-9.791387927363587318e-01,-9.828558582341685446e-01,-9.865729237319786904e-01,-9.902899892297888362e-01,-9.940070547275987600e-01,-9.950621097588027153e-01,-9.930456142516150830e-01,-9.910291187444273397e-01,-9.890126232372395965e-01,-9.869961277300520752e-01,-9.849796322228643319e-01,-9.829631367156766997e-01,-9.809466412084889564e-01,-9.789301457013013241e-01,-9.793947989230463724e-01,-9.818603785390921379e-01,-9.843259581551377924e-01,-9.867915377711835578e-01,-9.892571173872294343e-01,-9.917226970032749778e-01,-9.941882766193208543e-01,-9.966538562353666197e-01,-9.991194358514122742e-01,-1.000000000000000000e+00,-1.000000000000000000e+00,-1.000000000000000000e+00,-1.000000000000000000e+00,-1.000000000000000000e+00,-1.000000000000000000e+00,-1.000000000000000000e+00,-1.000000000000000000e+00,-1.000000000000000000e+00,-1.000000000000000000e+00,-1.000000000000000000e+00,-1.000000000000000000e+00,-1.000000000000000000e+00,-1.000000000000000000e+00,-1.000000000000000000e+00,-1.000000000000000000e+00,-1.000000000000000000e+00,-1.000000000000000000e+00,-1.000000000000000000e+00,-1.000000000000000000e+00,-1.000000000000000000e+00,-1.000000000000000000e+00,-1.000000000000000000e+00,-1.000000000000000000e+00,-1.000000000000000000e+00,-1.000000000000000000e+00,-1.000000000000000000e+00,-9.604354537560995109e-01,-9.169920304294622015e-01,-8.735486071028276678e-01,-8.301051837761903585e-01,-7.866617604495530491e-01,-7.432183371229185154e-01,-6.997749137962812060e-01,-6.563314904696466723e-01,-6.128880671430093630e-01,9.000000000000000222e-01
-1.000000000000000000e+00,-1.000000000000000000e+00,-1.000000000000000000e+00,-1.000000000000000000e+00,-1.000000000000000000e+00,-1.000000000000000000e+00,-1.000000000000000000e+00,-1.000000000000000000e+00,-1.000000000000000000e+00,-1.000000000000000000e+00,-9.993647826449014726e-01,-9.977918634798955688e-01,-9.962189443148896650e-01,-9.946460251498837613e-01,-9.930731059848778575e-01,-9.915001868198719537e-01,-9.899272676548661609e-01,-9.883543484898602571e-01,-9.867814293248543533e-01,-9.852085101598484496e-01,-9.798583517086100203e-01,-9.736088505701734341e-01,-9.673593494317367369e-01,-9.611098482933001508e-01,-9.548603471548634536e-01,-9.486108460164268674e-01,-9.423613448779901702e-01,-9.361118437395535841e-01,-9.298623426011169979e-01,-9.237210315781065884e-01,-9.179829746216849884e-01,-9.122449176652633884e-01,-9.065068607088416774e-01,-9.007688037524200775e-01,-8.950307467959984775e-01,-8.892926898395767665e-01,-8.835546328831551666e-01,-8.778165759267335666e-01,-8.720785189703119666e-01,-8.656110968451017351e-01,-8.586878214893985950e-01,-8.517645461336955659e-01,-8.448412707779924258e-01,-8.379179954222892857e-01,-8.309947200665862566e-01,-8.240714447108831164e-01,-8.171481693551800873e-01,-8.102248939994769472e-01,-8.034173767751237039e-01,-8.025135242496115318e-01,-8.016096717240993597e-01,-8.007058191985872986e-01,-7.998019666730751265e-01,-7.988981141475629544e-01,-7.979942616220508933e-01,-7.970904090965387212e-01,-7.961865565710265491e-01,-7.952827040455143770e-01,-7.929763612559658226e-01,-7.887575317427312216e-01,-7.845387022294966206e-01,-7.803198727162620196e-01,-7.761010432030274186e-01,-7.718822136897927066e-01,-7.676633841765581057e-01,-7.634445546633235047e-01,-7.592257251500889037e-01,-7.550068956368543027e-01,-7.434526986765728207e-01,-7.303631922506305107e-01,-7.172736858246882008e-01,-7.041841793987456688e-01,-6.910946729728033588e-01,-6.780051665468610489e-01,-6.649156601209186279e-01,-6.518261536949763180e-01,-6.387366472690338970e-01,-6.280000399484395590e-01,-6.251064296456725344e-01,-6.222128193429056209e-01,-6.193192090401385963e-01,-6.164255987373715717e-01,-6.135319884346045471e-01,-6.106383781318375226e-01,-6.077447678290704980e-01,-6.048511575263034734e-01,-6.019575472235364488e-01,-5.904828072208707646e-01,-5.740674167849302290e-01,-5.576520263489893603e-01,-5.412366359130486027e-01,-5.248212454771077340e-01,-5.084058550411671984e-01,-4.919904646052264408e-01,-4.755750741692855721e-01,-4.591596837333450365e-01,-4.431657227100475049e-01,-4.377074970028328460e-01,-4.322492712956183536e-01,-4.267910455884037502e-01,-4.213328198811890912e-01,-4.158745941739745988e-01,-4.104163684667599399e-01,-4.049581427595453365e-01,-3.994999170523307330e-01,-3.940416913451161851e-01,-3.787153801549483223e-01,-3.509467003123607487e-01,-3.231780204697736747e-01,-2.954093406271861011e-01,-2.676406607845985830e-01,-2.398719809420114535e-01,-2.121033010994239076e-01,-1.843346212568363340e-01,-1.565659414142492600e-01,-1.287972615716617142e-01,-1.192927263142813388e-01,-1.131089446178480673e-01,-1.069251629214146848e-01,-1.007413812249813023e-01,-9.455759952854803085e-02,-8.837381783211466224e-02,-8.219003613568129363e-02,-7.600625443924791114e-02,-6.982247274281463967e-02,-6.348643952837264293e-02,-5.669365175990475486e-02,-4.990086399143698476e-02,-4.310807622296909669e-02,-3.631528845450121556e-02,-2.952250068603344546e-02,-2.272971291756556433e-02,-1.593692514909767627e-02,-9.144137380629906164e-03,-2.351349612162018099e-03,0.000000000000000000e+00,0.000000000000000000e+00,0.000000000000000000e+00,0.000000000000000000e+00,0.000000000000000000e+00,0.000000000000000000e+00,0.000000000000000000e+00,0.000000000000000000e+00,0.000000000000000000e+00,2.928719149758266752e-03,5.369318441224354976e-02,1.044576496747279676e-01,1.552221149372132458e-01,2.059865801996985102e-01,2.567510454621829141e-01,3.075155107246682062e-01,3.582799759871534984e-01,4.090444412496379023e-01,4.598089065121231944e-01,4.937792875515562008e-01,5.081565703307607818e-01,5.225338531099653627e-01,5.369111358891693886e-01,5.512884186683739696e-01,5.656657014475785505e-01,5.800429842267831315e-01,5.944202670059877125e-01,6.087975497851921824e-01,6.231748325643967634e-01,6.362372823078250583e-01,6.490952024679107479e-01,6.619531226279965486e-01,6.748110427880823492e-01,6.876689629481681498e-01,7.005268831082538394e-01,7.133848032683391960e-01,7.262427234284249966e-01,7.391006435885107972e-01,7.504782661317778159e-01,7.578379380008222199e-01,7.651976098698666240e-01,7.725572817389108060e-01,7.799169536079553211e-01,7.872766254769997252e-01,7.946362973460441292e-01,8.019959692150886443e-01,8.093556410841330484e-01,8.167153129531775635e-01,8.244033316732360950e-01,8.322508331495019895e-01,8.400983346257677731e-01,8.479458361020336676e-01,8.557933375782995622e-01,8.636408390545653457e-01,8.714883405308309072e-01,8.793358420070968018e-01,8.871833434833626963e-01,8.945728998806358190e-01,8.964671153299960116e-01,8.983613307793560931e-01,9.002555462287162857e-01,9.021497616780763673e-01,9.040439771274364489e-01,9.059381925767966415e-01,9.078324080261568341e-01,9.097266234755169156e-01,9.116208389248771082e-01,9.141057146385787036e-01,9.172285034377695156e-01,9.203512922369602167e-01,9.234740810361510288e-01,9.265968698353417299e-01,9.297196586345324310e-01,9.328424474337232430e-01,9.359652362329138331e-01,9.390880250321046452e-01,9.422108138312953463e-01,9.445648221700058134e-01,9.468185547964798054e-01,9.490722874229537975e-01,9.513260200494276786e-01,9.535797526759015597e-01,9.558334853023755517e-01,9.580872179288495438e-01,9.603409505553234249e-01,9.625946831817974170e-01,9.646911564849576237e-01,9.663997234572775374e-01,9.681082904295974512e-01,9.698168574019174759e-01,9.715254243742373896e-01,9.732339913465573034e-01,9.749425583188772171e-01,9.766511252911970198e-01,9.783596922635169335e-01,9.800682592358368472e-01,9.818873866563734287e-01,9.837556520538950355e-01,9.856239174514167534e-01,9.874921828489383602e-01,9.893604482464599670e-01,9.912287136439816848e-01,9.930969790415032916e-01,9.949652444390250094e-01,9.968335098365466163e-01,9.985369426037022933e-01,9.986909486454178531e-01,9.988449546871334128e-01,9.989989607288489726e-01,9.991529667705645323e-01,9.993069728122800921e-01,9.994609788539955408e-01,9.996149848957111006e-01,9.997689909374266604e-01,9.999229969791422201e-01,9.918795718083366353e-01,9.756387154250093507e-01,9.593978590416821772e-01,9.431570026583554478e-01,9.269161462750281633e-01,9.106752898917008787e-01,8.944344335083737052e-01,8.781935771250464207e-01,8.619527207417191361e-01,8.457118643583918516e-01,8.354015550397425605e-01,8.257221549832927110e-01,8.160427549268428615e-01,8.063633548703930121e-01,7.966839548139431626e-01,7.870045547574933131e-01,7.773251547010437967e-01,7.676457546445938362e-01,7.579663545881439868e-01,7.479415304913672458e-01,7.371395023038548322e-01,7.263374741163424186e-01,7.155354459288300051e-01,7.047334177413179246e-01,6.939313895538055110e-01,6.831293613662930975e-01,6.723273331787806839e-01,6.615253049912683814e-01,6.507232768037558568e-01,6.406606117878046458e-01,6.308976885981614213e-01,6.211347654085181968e-01,6.113718422188750834e-01,6.016089190292318589e-01,5.918459958395886344e-01,5.820830726499457430e-01,5.723201494603026296e-01,5.625572262706594051e-01,5.530572774653254031e-01,5.455734656063616628e-01,5.380896537473980334e-01,5.306058418884342931e-01,5.231220300294708858e-01,5.156382181705072565e-01,5.081544063115435161e-01,5.006705944525798868e-01,4.931867825936161465e-01,4.857029707346524616e-01,4.778311809460392690e-01,4.696001523336760242e-01,4.613691237213127239e-01,4.531380951089494236e-01,4.449070664965861788e-01,4.366760378842228785e-01,4.284450092718599112e-01,4.202139806594966109e-01,4.119829520471333106e-01,4.037519234347700658e-01,3.790771019312791368e-01,3.530319643535280716e-01,3.269868267757751745e-01,3.009416891980241093e-01,2.748965516202712678e-01,2.488514140425202026e-01,2.228062764647691374e-01,1.967611388870162958e-01,1.707160013092652029e-01,1.479668716617359159e-01,1.320036406940802154e-01,1.160404097264234602e-01,1.000771787587677597e-01,8.411394779111205922e-02,6.815071682345529014e-02,5.218748585579958965e-02,3.622425488814280670e-02,2.026102392048712009e-02,4.297792952830337132e-03,0.000000000000000000e+00,0.000000000000000000e+00,0.000000000000000000e+00,0.000000000000000000e+00,0.000000000000000000e+00,0.000000000000000000e+00,0.000000000000000000e+00,0.000000000000000000e+00,0.000000000000000000e+00,-4.325745557789690068e-03,-3.645985541565627264e-02,-6.859396527352504269e-02,-1.007280751313916339e-01,-1.328621849892581974e-01,-1.649962948471269952e-01,-1.971304047049935726e-01,-2.292645145628623427e-01,-2.613986244207289200e-01,-2.935327342785977178e-01,-3.247534883362718228e-01,-3.551913659937809831e-01,-3.856292436512921973e-01,-4.160671213088013021e-01,-4.465049989663125718e-01,-4.769428766238216766e-01,-5.073807542813308924e-01,-5.378186319388420511e-01,-5.682565095963512114e-01,-5.986943872538623701e-01,-6.050654570916073061e-01,-6.099630488995707589e-01,-6.148606407075338787e-01,-6.197582325154969984e-01,-6.246558243234604513e-01,-6.295534161314235710e-01,-6.344510079393870239e-01,-6.393485997473501437e-01,-6.442461915553137075e-01,-6.505629456845654079e-01,-6.595603397540289459e-01,-6.685577338234931499e-01,-6.775551278929567989e-01,-6.865525219624210029e-01,-6.955499160318846519e-01,-7.045473101013488559e-01,-7.135447041708125049e-01,-7.225420982402761538e-01,-7.315394923097403579e-01,-7.379326661997702708e-01,-7.434577666966560860e-01,-7.489828671935414572e-01,-7.545079676904268284e-01,-7.600330681873125327e-01,-7.655581686841979039e-01,-7.710832691810837192e-01,-7.766083696779690904e-01,-7.821334701748547946e-01,-7.873597413191874006e-01,-7.909424510244791318e-01,-7.945251607297710850e-01,-7.981078704350628161e-01,-8.016905801403547693e-01,-8.052732898456465005e-01,-8.088559995509384537e-01,-8.124387092562301849e-01,-8.160214189615219160e-01,-8.196041286668138692e-01,-8.218374400361383447e-01,-8.230005389321094489e-01,-8.241636378280804420e-01,-8.253267367240515462e-01,-8.264898356200226504e-01,-8.276529345159937545e-01,-8.288160334119648587e-01,-8.299791323079358518e-01,-8.311422312039069560e-01,-8.323053300998780601e-01,-8.386258487444493426e-01,-8.451526641789652849e-01,-8.516794796134807832e-01,-8.582062950479966146e-01,-8.647331104825121129e-01,-8.712599259170280552e-01,-8.777867413515435535e-01,-8.843135567860590518e-01,-8.908403722205748831e-01,-8.934165910802046584e-01,-8.891312474676631439e-01,-8.848459038551219624e-01,-8.805605602425805589e-01,-8.762752166300392664e-01,-8.719898730174980850e-01,-8.677045294049566815e-01,-8.634191857924153890e-01,-8.591338421798739855e-01,-8.548484985673328040e-01,-8.571449481721050701e-01,-8.614159357420720919e-01,-8.656869233120387808e-01,-8.699579108820058027e-01,-8.742288984519726025e-01,-8.784998860219396244e-01,-8.827708735919063132e-01,-8.870418611618730020e-01,-8.913128487318400239e-01,-8.958209731153646826e-01,-9.014620844969994939e-01,-9.071031958786339722e-01,-9.127443072602688945e-01,-9.183854186419033727e-01,-9.240265300235378509e-01,-9.296676414051727733e-01,-9.353087527868072515e-01,-9.409498641684421738e-01,-9.465909755500766520e-01,-9.505524048425364469e-01,-9.532820672696012965e-01,-9.560117296966660350e-01,-9.587413921237309955e-01,-9.614710545507957340e-01,-9.642007169778606945e-01,-9.669303794049254330e-01,-9.696600418319901715e-01,-9.723897042590551321e-01,-9.751193666861198706e-01,-9.774341576310241475e-01,-9.797408138409838818e-01,-9.820474700509438382e-01,-9.843541262609035725e-01,-9.866607824708634178e-01,-9.889674386808233741e-01,-9.912740948907831084e-01,-9.935807511007430648e-01,-9.958874073107027991e-01,-9.974148284137988041e-01,-9.976954733459124647e-01,-9.979761182780262363e-01,-9.982567632101398969e-01,-9.985374081422535575e-01,-9.988180530743673291e-01,-9.990986980064809897e-01,-9.993793429385946503e-01,-9.996599878707084219e-01,-9.999406328028220825e-01,-1.000000000000000000e+00,-1.000000000000000000e+00,-1.000000000000000000e+00,-1.000000000000000000e+00,-1.000000000000000000e+00,-1.000000000000000000e+00,-1.000000000000000000e+00,-1.000000000000000000e+00,-1.000000000000000000e+00,-1.000000000000000000e+00,-1.000000000000000000e+00,-1.000000000000000000e+00,-1.000000000000000000e+00,-1.000000000000000000e+00,-1.000000000000000000e+00,-1.000000000000000000e+00,-1.000000000000000000e+00,-1.000000000000000000e+00,-1.000000000000000000e+00,-9.994921883931727757e-01,-9.986403753752690626e-01,-9.977885623573653495e-01,-9.969367493394616364e-01,-9.960849363215579233e-01,-9.952331233036542102e-01,-9.943813102857504971e-01,-9.935294972678466729e-01,-9.926776842499429598e-01,-9.918258712320392467e-01,1.100000000000000089e+00
-1.000000000000000000e+00,-1.000000000000000000e+00,-1.000000000000000000e+00,-1.000000000000000000e+00,-1.000000000000000000e+00,-1.000000000000000000e+00,-1.000000000000000000e+00,-1.000000000000000000e+00,-1.000000000000000000e+00,-1.000000000000000000e+00,-1.000000000000000000e+00,-1.000000000000000000e+00,-1.000000000000000000e+00,-1.000000000000000000e+00,-1.000000000000000000e+00,-9.969492630045289072e-01,-9.875197122912545700e-01,-9.780901615779801217e-01,-9.686606108647057845e-01,-9.592310601514314472e-01,-9.498015094381571100e-01,-9.403719587248827727e-01,-9.309424080116084355e-01,-9.215128572983340982e-01,-9.120833065850597610e-01,-9.026537558717853127e-01,-8.932242051585109754e-01,-8.837946544452366382e-01,-8.743651037319623009e-01,-8.649355530186879637e-01,-8.599329392707508735e-01,-8.573450184129979279e-01,-8.547570975552448713e-01,-8.521691766974919258e-01,-8.495812558397388692e-01,-8.469933349819858126e-01,-8.444054141242328670e-01,-8.418174932664798105e-01,-8.392295724087268649e-01,-8.366416515509738083e-01,-8.340537306932207517e-01,-8.314658098354678062e-01,-8.288778889777147496e-01,-8.262899681199616930e-01,-8.237020472622087475e-01,-8.137637378367118535e-01,-8.036026893637074897e-01,-7.934416408907032370e-01,-7.832805924176989842e-01,-7.731195439446946205e-01,-7.629584954716903678e-01,-7.527974469986860040e-01,-7.426363985256817513e-01,-7.324753500526774985e-01,-7.223143015796731348e-01,-7.121532531066688820e-01,-7.019922046336646293e-01,-6.918311561606602655e-01,-6.816701076876560128e-01,-6.697961785135905233e-01,-6.538113356569786871e-01,-6.378264928003665180e-01,-6.218416499437544598e-01,-6.058568070871425126e-01,-5.898719642305304545e-01,-5.738871213739183963e-01,-5.579022785173064491e-01,-5.419174356606943910e-01,-5.259325928040822218e-01,-5.099477499474703857e-01,-4.939629070908582165e-01,-4.779780642342461583e-01,-4.619932213776342111e-01,-4.460083785210221530e-01,-4.346594805066851253e-01,-4.261804531089946613e-01,-4.177014257113040863e-01,-4.092223983136135113e-01,-4.007433709159230473e-01,-3.922643435182325278e-01,-3.837853161205419528e-01,-3.753062887228514888e-01,-3.668272613251609138e-01,-3.583482339274703388e-01,-3.498692065297799303e-01,-3.413901791320893553e-01,-3.329111517343987803e-01,-3.244321243367083163e-01,-3.159530969390177413e-01,-3.170732557720298272e-01,-3.187933637444607671e-01,-3.205134717168917624e-01,-3.222335796893227577e-01,-3.239536876617537531e-01,-3.256737956341847484e-01,-3.273939036066157438e-01,-3.291140115790467391e-01,-3.308341195514777344e-01,-3.325542275239087298e-01,-3.342743354963397251e-01,-3.359944434687706649e-01,-3.377145514412016603e-01,-3.394346594136326556e-01,-3.379348703643196283e-01,-3.274909229212729089e-01,-3.170469754782261340e-01,-3.066030280351795811e-01,-2.961590805921328617e-01,-2.857151331490861423e-01,-2.752711857060395340e-01,-2.648272382629928146e-01,-2.543832908199460396e-01,-2.439393433768994868e-01,-2.334953959338527674e-01,-2.230514484908060480e-01,-2.126075010477594396e-01,-2.021635536047127202e-01,-1.917196061616659730e-01,-1.799073673462112666e-01,-1.671373245700711052e-01,-1.543672817939309438e-01,-1.415972390177904772e-01,-1.288271962416503158e-01,-1.160571534655101683e-01,-1.032871106893696878e-01,-9.051706791322954027e-02,-7.774702513708937890e-02,-6.497698236094889834e-02,-5.220693958480876473e-02,-3.943689680866860336e-02,-2.666685403252810893e-02,-1.389681125638797532e-02,-1.126768480247813953e-03,1.505252386098373044e-02,3.156174357948176440e-02,4.807096329797980183e-02,6.458018301647826254e-02,8.108940273497630691e-02,9.759862245347433740e-02,1.141078421719727981e-01,1.306170618904708425e-01,1.471262816089688730e-01,1.636355013274673476e-01,1.801447210459653780e-01,1.966539407644634085e-01,2.131631604829618831e-01,2.296723802014599136e-01,2.475930519565305021e-01,2.701009428304627091e-01,2.926088337043943333e-01,3.151167245783259574e-01,3.376246154522581921e-01,3.601325063261898718e-01,3.826403972001214959e-01,4.051482880740536752e-01,4.276561789479853548e-01,4.501640698219169789e-01,4.726719606958492137e-01,4.951798515697808378e-01,5.176877424437125175e-01,5.401956333176447522e-01,5.627035241915763208e-01,5.793390864179628341e-01,5.913385997120771398e-01,6.033381130061910014e-01,6.153376263003049740e-01,6.273371395944191686e-01,6.393366528885331412e-01,6.513361661826470028e-01,6.633356794767613085e-01,6.753351927708751701e-01,6.873347060649891427e-01,6.993342193591033373e-01,7.113337326532171989e-01,7.233332459473311715e-01,7.353327592414453662e-01,7.473322725355593388e-01,7.575077584429573685e-01,7.674400406987936796e-01,7.773723229546295466e-01,7.873046052104655246e-01,7.972368874663017246e-01,8.071691697221377026e-01,8.171014519779736807e-01,8.270337342338098807e-01,8.369660164896458587e-01,8.468982987454818367e-01,8.568305810013180368e-01,8.667628632571540148e-01,8.766951455129898818e-01,8.866274277688260819e-01,8.954835596268312381e-01,9.001888256646318753e-01,9.048940917024325126e-01,9.095993577402330388e-01,9.143046237780336760e-01,9.190098898158342022e-01,9.237151558536347284e-01,9.284204218914354767e-01,9.331256879292360029e-01,9.378309539670365291e-01,9.425362200048371664e-01,9.472414860426376926e-01,9.519467520804382188e-01,9.566520181182389670e-01,9.613572841560394933e-01,9.647501459782272804e-01,9.669764262754260153e-01,9.692027065726247503e-01,9.714289868698234853e-01,9.736552671670222203e-01,9.758815474642209553e-01,9.781078277614195793e-01,9.803341080586184253e-01,9.825603883558170493e-01,9.847866686530157843e-01,9.870129489502145193e-01,9.892392292474132542e-01,9.914655095446119892e-01,9.936917898418107242e-01,9.959180701390094592e-01,9.964636637698802701e-01,9.967194838375910138e-01,9.969753039053018684e-01,9.972311239730126120e-01,9.974869440407233556e-01,9.977427641084342103e-01,9.979985841761449539e-01,9.982544042438558085e-01,9.985102243115665521e-01,9.987660443792774068e-01,9.990218644469881504e-01,9.992776845146988940e-01,9.995335045824097486e-01,9.997893246501204922e-01,9.968983017701670279e-01,9.793220118011097819e-01,9.617457218320534240e-01,9.441694318629970661e-01,9.265931418939407083e-01,9.090168519248844614e-01,8.914405619558281035e-01,8.738642719867708575e-01,8.562879820177144996e-01,8.387116920486581417e-01,8.211354020796017839e-01,8.035591121105454260e-01,7.859828221414891791e-01,7.684065321724319331e-01,7.508302422033755752e-01,7.338034496812784191e-01,7.173261546061403537e-01,7.008488595310023994e-01,6.843715644558643341e-01,6.678942693807254916e-01,6.514169743055874262e-01,6.349396792304494719e-01,6.184623841553114065e-01,6.019850890801734522e-01,5.855077940050346097e-01,5.690304989298965443e-01,5.525532038547584790e-01,5.360759087796205247e-01,5.195986137044825703e-01,5.031213186293445050e-01,4.985389071790010118e-01,4.965053993625426765e-01,4.944718915460842856e-01,4.924383837296259503e-01,4.904048759131675594e-01,4.883713680967092241e-01,4.863378602802507222e-01,4.843043524637923869e-01,4.822708446473339960e-01,4.802373368308756607e-01,4.782038290144172699e-01,4.761703211979589345e-01,4.741368133815004882e-01,4.721033055650420973e-01,4.698113944799621744e-01,4.660207444368772989e-01,4.622300943937924789e-01,4.584394443507076033e-01,4.546487943076225058e-01,4.508581442645376858e-01,4.470674942214528103e-01,4.432768441783679347e-01,4.394861941352830592e-01,4.356955440921981837e-01,4.319048940491131416e-01,4.281142440060282661e-01,4.243235939629433906e-01,4.205329439198585706e-01,4.167422938767736951e-01,4.076830759828392048e-01,3.926967192566975795e-01,3.777103625305567314e-01,3.627240058044158832e-01,3.477376490782750351e-01,3.327512923521341870e-01,3.177649356259933944e-01,3.027785788998517136e-01,2.877922221737109210e-01,2.728058654475700728e-01,2.578195087214292247e-01,2.428331519952883766e-01,2.278467952691475285e-01,2.128604385430059309e-01,1.978740818168650828e-01,1.842489887052860542e-01,1.709768157900748708e-01,1.577046428748637152e-01,1.444324699596525596e-01,1.311602970444407101e-01,1.178881241292295268e-01,1.046159512140183573e-01,9.134377829880720168e-02,7.807160538359603219e-02,6.479943246838487658e-02,5.152725955317299933e-02,3.825508663796184372e-02,2.498291372275066036e-02,1.171074080753950475e-02,-2.887249116148548830e-03,-2.742886660341505370e-02,-5.197048409068284053e-02,-7.651210157794934019e-02,-1.010537190652158468e-01,-1.255953365524823673e-01,-1.501369540397488600e-01,-1.746785715270153527e-01,-1.992201890142831500e-01,-2.237618065015496427e-01,-2.483034239888161632e-01,-2.728450414760826837e-01,-2.973866589633491486e-01,-3.219282764506156691e-01,-3.464698939378834663e-01,-3.692091985951007627e-01,-3.896655736675890824e-01,-4.101219487400774577e-01,-4.305783238125657775e-01,-4.510346988850541528e-01,-4.714910739575435827e-01,-4.919474490300319580e-01,-5.124038241025202778e-01,-5.328601991750085975e-01,-5.533165742474970283e-01,-5.737729493199853481e-01,-5.942293243924747781e-01,-6.146856994649632089e-01,-6.351420745374514176e-01,-6.555984496099398484e-01,-6.676804522135787456e-01,-6.771857248268021712e-01,-6.866909974400260408e-01,-6.961962700532494663e-01,-7.057015426664728919e-01,-7.152068152796963174e-01,-7.247120878929197429e-01,-7.342173605061431685e-01,-7.437226331193670381e-01,-7.532279057325904636e-01,-7.627331783458138892e-01,-7.722384509590373147e-01,-7.817437235722607403e-01,-7.912489961854841658e-01,-8.001000294174309690e-01,-8.021905890428481234e-01,-8.042811486682652777e-01,-8.063717082936824321e-01,-8.084622679190995864e-01,-8.105528275445168518e-01,-8.126433871699341172e-01,-8.147339467953512715e-01,-8.168245064207684258e-01,-8.189150660461855802e-01,-8.210056256716027345e-01,-8.230961852970198889e-01,-8.251867449224371542e-01,-8.272773045478543086e-01,-8.293678641732714629e-01,-8.340651115860905351e-01,-8.424861986951981407e-01,-8.509072858043057463e-01,-8.593283729134137960e-01,-8.677494600225214016e-01,-8.761705471316290073e-01,-8.845916342407366129e-01,-8.930127213498442185e-01,-9.014338084589521571e-01,-9.098548955680597627e-01,-9.182759826771673684e-01,-9.266970697862749740e-01,-9.351181568953825796e-01,-9.435392440044901852e-01,-9.519603311135982349e-01,-9.564845605230578585e-01,-9.596059211606444705e-01,-9.627272817982309716e-01,-9.658486424358174727e-01,-9.689700030734040848e-01,-9.720913637109908079e-01,-9.752127243485773089e-01,-9.783340849861638100e-01,-9.814554456237504221e-01,-9.845768062613369231e-01,-9.876981668989234242e-01,-9.908195275365101473e-01,-9.939408881740966484e-01,-9.970622488116832605e-01,-1.000000000000000000e+00,-1.000000000000000000e+00,-1.000000000000000000e+00,-1.000000000000000000e+00,-1.000000000000000000e+00,-1.000000000000000000e+00,-1.000000000000000000e+00,-1.000000000000000000e+00,-1.000000000000000000e+00,-1.000000000000000000e+00,-1.000000000000000000e+00,-1.000000000000000000e+00,-1.000000000000000000e+00,-1.000000000000000000e+00,-1.000000000000000000e+00,-1.000000000000000000e+00,-1.000000000000000000e+00,-1.000000000000000000e+00,-1.000000000000000000e+00,-1.000000000000000000e+00,-1.000000000000000000e+00,-1.000000000000000000e+00,-1.000000000000000000e+00,-1.000000000000000000e+00,-1.000000000000000000e+00,-1.000000000000000000e+00,-1.000000000000000000e+00,-1.000000000000000000e+00,-1.000000000000000000e+00,-1.000000000000000000e+00,-9.997494185251888377e-01,-9.993944281025397558e-01,-9.990394376798905629e-01,-9.986844472572414810e-01,-9.983294568345922881e-01,-9.979744664119432063e-01,-9.976194759892940134e-01,-9.972644855666449315e-01,-9.969094951439957386e-01,-9.965545047213466567e-01,-9.961995142986974638e-01,-9.958445238760483820e-01,-9.954895334533993001e-01,-9.951345430307501072e-01,-9.947679392048016656e-01,-9.940180930699733519e-01,-9.932682469351451493e-01,-9.925184008003169467e-01,-9.917685546654887441e-01,-9.910187085306605415e-01,-9.902688623958323388e-01,-9.895190162610040252e-01,-9.887691701261758226e-01,-9.880193239913476200e-01,-9.872694778565194174e-01,-9.865196317216912147e-01,-9.857697855868630121e-01,-9.850199394520346985e-01,-9.842700933172064959e-01,-9.837091181204169477e-01,-9.834944063100314882e-01,-9.832796944996460287e-01,-9.830649826892606802e-01,-9.828502708788752207e-01,-9.826355590684898722e-01,-9.824208472581044127e-01,-9.822061354477190642e-01,-9.819914236373336047e-01,-9.817767118269482562e-01,-9.815620000165627967e-01,-9.813472882061773372e-01,-9.811325763957919888e-01,-9.809178645854065293e-01,-9.807031527750211808e-01,-9.593056472726169126e-01,-9.277772404392483629e-01,-8.962488336058798133e-01,-8.647204267725113747e-01,-8.331920199391428250e-01,-8.016636131057742753e-01,-7.701352062724057257e-01,-7.386067994390371760e-01,-7.070783926056686264e-01,-6.755499857723000767e-01,-6.440215789389283074e-01,-6.124931721055597578e-01,-5.809647652721912081e-01,-5.494363584388226585e-01,-5.179079516054541088e-01,1.000000000000000000e+00
-1.000000000000000000e+00,-1.000000000000000000e+00,-1.000000000000000000e+00,-1.000000000000000000e+00,-1.000000000000000000e+00,-1.000000000000000000e+00,-1.000000000000000000e+00,-1.000000000000000000e+00,-1.000000000000000000e+00,-1.000000000000000000e+00,-1.000000000000000000e+00,-9.995718865794043229e-01,-9.988632850556596887e-01,-9.981546835319151656e-01,-9.974460820081705315e-01,-9.967374804844258973e-01,-9.960288789606813742e-01,-9.953202774369367400e-01,-9.946116759131921059e-01,-9.939030743894475828e-01,-9.931944728657029486e-01,-9.912695946235230426e-01,-9.847228648512887927e-01,-9.781761350790545428e-01,-9.716294053068202929e-01,-9.650826755345860430e-01,-9.585359457623519042e-01,-9.519892159901176543e-01,-9.454424862178834044e-01,-9.388957564456491545e-01,-9.323490266734149046e-01,-9.258022969011807657e-01,-9.204419844541218421e-01,-9.153554606205648314e-01,-9.102689367870079318e-01,-9.051824129534510321e-01,-9.000958891198941325e-01,-8.950093652863372329e-01,-8.899228414527802222e-01,-8.848363176192233226e-01,-8.797497937856664230e-01,-8.746632699521095233e-01,-8.703561647016748726e-01,-8.671402454676114813e-01,-8.639243262335480900e-01,-8.607084069994845876e-01,-8.574924877654211963e-01,-8.542765685313578050e-01,-8.510606492972944137e-01,-8.478447300632310224e-01,-8.446288108291675201e-01,-8.414128915951041288e-01,-8.380932814058806857e-01,-8.299001963241338098e-01,-8.217071112423869339e-01,-8.135140261606400580e-01,-8.053209410788931821e-01,-7.971278559971463062e-01,-7.889347709153993193e-01,-7.807416858336524434e-01,-7.725486007519056786e-01,-7.643555156701588027e-01,-7.561624305884119268e-01,-7.474485821252132567e-01,-7.384222756331434434e-01,-7.293959691410737411e-01,-7.203696626490040389e-01,-7.113433561569342256e-01,-7.023170496648645234e-01,-6.932907431727948211e-01,-6.842644366807251188e-01,-6.752381301886554166e-01,-6.662118236965856033e-01,-6.591455262436033413e-01,-6.586719864675515401e-01,-6.581984466914997389e-01,-6.577249069154480487e-01,-6.572513671393962476e-01,-6.567778273633444464e-01,-6.563042875872927562e-01,-6.558307478112409550e-01,-6.553572080351891538e-01,-6.548836682591373526e-01,-6.544101284830856624e-01,-6.413934056703537445e-01,-6.258680462502856923e-01,-6.103426868302176400e-01,-5.948173274101495878e-01,-5.792919679900815355e-01,-5.637666085700134833e-01,-5.482412491499455420e-01,-5.327158897298774898e-01,-5.171905303098094375e-01,-5.016651708897413853e-01,-4.870941533535671497e-01,-4.737501468109707736e-01,-4.604061402683743420e-01,-4.470621337257779659e-01,-4.337181271831815899e-01,-4.203741206405852138e-01,-4.070301140979887822e-01,-3.936861075553926281e-01,-3.803421010127962520e-01,-3.669980944701998204e-01,-3.533951297722632834e-01,-3.338361275015011564e-01,-3.142771252307390850e-01,-2.947181229599770136e-01,-2.751591206892148866e-01,-2.556001184184528152e-01,-2.360411161476907160e-01,-2.164821138769286168e-01,-1.969231116061665454e-01,-1.773641093354044462e-01,-1.578051070646423470e-01,-1.415047805207891862e-01,-1.269914696981441216e-01,-1.124781588754990569e-01,-9.796484805285399222e-02,-8.345153723020919123e-02,-6.893822640756412656e-02,-5.442491558491906189e-02,-3.991160476227399723e-02,-2.539829393962894644e-02,-1.088498311698385401e-02,0.000000000000000000e+00,0.000000000000000000e+00,0.000000000000000000e+00,0.000000000000000000e+00,0.000000000000000000e+00,0.000000000000000000e+00,0.000000000000000000e+00,0.000000000000000000e+00,0.000000000000000000e+00,0.000000000000000000e+00,0.000000000000000000e+00,0.000000000000000000e+00,0.000000000000000000e+00,0.000000000000000000e+00,0.000000000000000000e+00,0.000000000000000000e+00,0.000000000000000000e+00,0.000000000000000000e+00,0.000000000000000000e+00,0.000000000000000000e+00,0.000000000000000000e+00,9.481023388191069448e-03,3.016689259878987256e-02,5.085276180938867741e-02,7.153863101998747531e-02,9.222450023058628710e-02,1.129103694411850850e-01,1.335962386517838829e-01,1.542821078623826947e-01,1.749679770729814787e-01,1.956538462835802905e-01,2.160397592050646576e-01,2.319263277898378772e-01,2.478128963746111246e-01,2.636994649593843443e-01,2.795860335441575639e-01,2.954726021289307836e-01,3.113591707137040032e-01,3.272457392984772229e-01,3.431323078832504425e-01,3.590188764680236622e-01,3.749054450527968818e-01,3.937950105281342039e-01,4.141860744487532164e-01,4.345771383693729506e-01,4.549682022899919631e-01,4.753592662106117528e-01,4.957503301312307098e-01,5.161413940518504440e-01,5.365324579724695120e-01,5.569235218930892461e-01,5.773145858137082032e-01,5.939108855403257836e-01,6.002905124369372070e-01,6.066701393335489634e-01,6.130497662301603867e-01,6.194293931267721431e-01,6.258090200233836775e-01,6.321886469199951009e-01,6.385682738166068573e-01,6.449479007132182806e-01,6.513275276098300370e-01,6.577071545064414604e-01,6.669699520857237385e-01,6.766446311911014089e-01,6.863193102964794123e-01,6.959939894018570827e-01,7.056686685072350862e-01,7.153433476126127566e-01,7.250180267179907601e-01,7.346927058233684305e-01,7.443673849287464339e-01,7.540420640341241043e-01,7.592851709312889996e-01,7.597113515151789898e-01,7.601375320990689799e-01,7.605637126829588590e-01,7.609898932668488492e-01,7.614160738507388393e-01,7.618422544346287184e-01,7.622684350185187085e-01,7.626946156024086987e-01,7.631207961862985778e-01,7.644942186139770390e-01,7.762873013233306807e-01,7.880803840326838783e-01,7.998734667420375199e-01,8.116665494513907175e-01,8.234596321607443592e-01,8.352527148700975568e-01,8.470457975794511984e-01,8.588388802888043960e-01,8.706319629981580377e-01,8.824250457075112353e-01,8.904433128237981832e-01,8.967457546705090987e-01,9.030481965172201253e-01,9.093506383639313739e-01,9.156530802106422895e-01,9.219555220573535381e-01,9.282579639040644537e-01,9.345604057507757023e-01,9.408628475974867289e-01,9.471652894441978665e-01,9.526704635497896811e-01,9.562394159983776953e-01,9.598083684469654875e-01,9.633773208955535017e-01,9.669462733441414048e-01,9.705152257927294190e-01,9.740841782413172112e-01,9.776531306899052254e-01,9.812220831384931286e-01,9.847910355870809207e-01,9.883599880356689349e-01,9.897027651013485805e-01,9.907866845643645837e-01,9.918706040273804758e-01,9.929545234903964790e-01,9.940384429534123711e-01,9.951223624164282633e-01,9.962062818794442665e-01,9.972902013424601586e-01,9.983741208054760508e-01,9.994580402684920539e-01,1.000000000000000000e+00,1.000000000000000000e+00,1.000000000000000000e+00,1.000000000000000000e+00,1.000000000000000000e+00,1.000000000000000000e+00,1.000000000000000000e+00,1.000000000000000000e+00,1.000000000000000000e+00,1.000000000000000000e+00,9.996997111099459321e-01,9.968169377654275687e-01,9.939341644209089832e-01,9.910513910763905088e-01,9.881686177318719233e-01,9.852858443873535599e-01,9.824030710428349744e-01,9.795202976983165000e-01,9.766375243537979145e-01,9.737547510092795511e-01,9.708719776647609656e-01,9.637809870464774109e-01,9.549572010801727906e-01,9.461334151138685034e-01,9.373096291475637720e-01,9.284858431812594848e-01,9.196620572149551975e-01,9.108382712486504662e-01,9.020144852823461790e-01,8.931906993160415587e-01,8.843669133497371604e-01,8.768607007915870666e-01,8.722531497313772419e-01,8.676455986711673063e-01,8.630380476109574817e-01,8.584304965507474350e-01,8.538229454905376103e-01,8.492153944303276747e-01,8.446078433701178501e-01,8.400002923099078034e-01,8.353927412496979787e-01,8.307851901894879321e-01,8.304936397630693357e-01,8.305944530306316187e-01,8.306952662981939017e-01,8.307960795657561848e-01,8.308968928333184678e-01,8.309977061008807508e-01,8.310985193684430339e-01,8.311993326360053169e-01,8.313001459035676000e-01,8.314009591711298830e-01,8.274392114300388457e-01,8.197399075609870245e-01,8.120406036919348702e-01,8.043412998228829380e-01,7.966419959538307838e-01,7.889426920847789626e-01,7.812433882157268084e-01,7.735440843466749872e-01,7.658447804776228329e-01,7.581454766085709007e-01,7.496262938720333890e-01,7.353679590630952667e-01,7.211096242541575885e-01,7.068512894452193551e-01,6.925929546362816769e-01,6.783346198273434435e-01,6.640762850184057653e-01,6.498179502094676430e-01,6.355596154005298537e-01,6.213012805915917314e-01,6.070429457826540531e-01,5.953281751659863508e-01,5.845581569635909247e-01,5.737881387611951656e-01,5.630181205587997395e-01,5.522481023564039804e-01,5.414780841540085543e-01,5.307080659516127952e-01,5.199380477492173691e-01,5.091680295468219430e-01,4.983980113444261839e-01,4.836209110143172007e-01,4.608296464287832128e-01,4.380383818432491694e-01,4.152471172577151259e-01,3.924558526721794172e-01,3.696645880866454292e-01,3.468733235011114413e-01,3.240820589155773979e-01,3.012907943300416891e-01,2.784995297445076456e-01,2.557082651589736577e-01,2.313524053097389399e-01,2.068922391095890101e-01,1.824320729094409121e-01,1.579719067092927864e-01,1.335117405091446607e-01,1.090515743089965628e-01,8.459140810884663297e-02,6.013124190869850727e-02,3.567107570855038157e-02,1.121090950840228362e-02,0.000000000000000000e+00,0.000000000000000000e+00,0.000000000000000000e+00,0.000000000000000000e+00,0.000000000000000000e+00,0.000000000000000000e+00,0.000000000000000000e+00,0.000000000000000000e+00,0.000000000000000000e+00,0.000000000000000000e+00,-3.098980726290392722e-03,-2.434913427799639124e-02,-4.559928782970239236e-02,-6.684944138140995473e-02,-8.809959493311596279e-02,-1.093497484848219570e-01,-1.305999020365279650e-01,-1.518500555882355274e-01,-1.731002091399415077e-01,-1.943503626916475158e-01,-2.156005162433535238e-01,-2.469810131489492966e-01,-2.817382911725055950e-01,-3.164955691960619211e-01,-3.512528472196181917e-01,-3.860101252431770158e-01,-4.207674032667333419e-01,-4.555246812902896680e-01,-4.902819593138459386e-01,-5.250392373374048738e-01,-5.597965153609610889e-01,-5.864977689156393170e-01,-5.985086249094224709e-01,-6.105194809032056247e-01,-6.225303368969897777e-01,-6.345411928907729315e-01,-6.465520488845560854e-01,-6.585629048783392392e-01,-6.705737608721232812e-01,-6.825846168659064350e-01,-6.945954728596895889e-01,-7.066063288534727427e-01,-7.096031831675605472e-01,-7.122081243651393612e-01,-7.148130655627181751e-01,-7.174180067602968780e-01,-7.200229479578759140e-01,-7.226278891554546169e-01,-7.252328303530334308e-01,-7.278377715506122447e-01,-7.304427127481909476e-01,-7.330476539457699836e-01,-7.347823054312958568e-01,-7.358400649185585785e-01,-7.368978244058213001e-01,-7.379555838930840217e-01,-7.390133433803467433e-01,-7.400711028676094649e-01,-7.411288623548721866e-01,-7.421866218421349082e-01,-7.432443813293976298e-01,-7.443021408166603514e-01,-7.460597221640623555e-01,-7.513164128121625485e-01,-7.565731034602622973e-01,-7.618297941083620461e-01,-7.670864847564617950e-01,-7.723431754045615438e-01,-7.775998660526616257e-01,-7.828565567007613746e-01,-7.881132473488611234e-01,-7.933699379969608723e-01,-7.986266286450609542e-01,-8.018787906279155608e-01,-8.045350116562378640e-01,-8.071912326845601671e-01,-8.098474537128826922e-01,-8.125036747412049953e-01,-8.151598957695272984e-01,-8.178161167978496016e-01,-8.204723378261721267e-01,-8.231285588544944298e-01,-8.257847798828167329e-01,-8.293918163819128386e-01,-8.345835453322990594e-01,-8.397752742826849470e-01,-8.449670032330708347e-01,-8.501587321834567224e-01,-8.553504611338424990e-01,-8.605421900842287197e-01,-8.657339190346146074e-01,-8.709256479850004951e-01,-8.761173769353863827e-01,-8.813091058857726035e-01,-8.865856950458680386e-01,-8.918640897423403269e-01,-8.971424844388126152e-01,-9.024208791352852366e-01,-9.076992738317574139e-01,-9.129776685282297022e-01,-9.182560632247019905e-01,-9.235344579211746119e-01,-9.288128526176469002e-01,-9.340912473141190775e-01,-9.386622791773866492e-01,-9.427280518740793758e-01,-9.467938245707724354e-01,-9.508595972674651620e-01,-9.549253699641578885e-01,-9.589911426608506151e-01,-9.630569153575436747e-01,-9.671226880542364013e-01,-9.711884607509291278e-01,-9.752542334476218544e-01,-9.787000464120061416e-01,-9.794593672030530440e-01,-9.802186879941000575e-01,-9.809780087851469599e-01,-9.817373295761939733e-01,-9.824966503672408757e-01,-9.832559711582877782e-01,-9.840152919493346806e-01,-9.847746127403815830e-01,-9.855339335314285965e-01,-9.862932543224754989e-01,-9.874831997534428973e-01,-9.887864674580735258e-01,-9.900897351627042653e-01,-9.913930028673348938e-01,-9.926962705719656332e-01,-9.939995382765962617e-01,-9.953028059812270012e-01,-9.966060736858576297e-01,-9.979093413904882581e-01,-9.992126090951188866e-01,-9.519302225873751411e-01,-8.304907849133860154e-01,-7.090513472393968897e-01,-5.876119095654078750e-01,-4.661724718914097565e-01,-3.447330342174206308e-01,-2.232935965434315051e-01,-1.018541588694423794e-01,1.958527880454674630e-02,1.410247164785447538e-01,2.624641541525338795e-01,1.300000000000000044e+00
-1.000000000000000000e+00,-9.968461865192119742e-01,-9.936923730384238374e-01,-9.905385595576358115e-01,-9.873847460768476747e-01,-9.842309325960596489e-01,-9.810771191152715121e-01,-9.779233056344834862e-01,-9.747694921536953494e-01,-9.716156786729073236e-01,-9.684618651921192978e-01,-9.653080517113311609e-01,-9.621542382305431351e-01,-9.577364923651784379e-01,-9.484210085095797771e-01,-9.391055246539810053e-01,-9.297900407983823445e-01,-9.204745569427835727e-01,-9.111590730871849120e-01,-9.018435892315861402e-01,-8.925281053759874794e-01,-8.832126215203887076e-01,-8.738971376647900469e-01,-8.645816538091912751e-01,-8.552661699535926143e-01,-8.459506860979938425e-01,-8.388332184340998587e-01,-8.348753990457812302e-01,-8.309175796574627126e-01,-8.269597602691441951e-01,-8.230019408808255665e-01,-8.190441214925070490e-01,-8.150863021041885315e-01,-8.111284827158699029e-01,-8.071706633275513854e-01,-8.032128439392328678e-01,-7.992550245509142393e-01,-7.952972051625957217e-01,-7.913393857742772042e-01,-7.875606419841156836e-01,-7.838938204428023138e-01,-7.802269989014889440e-01,-7.765601773601755742e-01,-7.728933558188622044e-01,-7.692265342775489456e-01,-7.655597127362355758e-01,-7.618928911949222060e-01,-7.582260696536088362e-01,-7.545592481122954664e-01,-7.508924265709820967e-01,-7.472256050296687269e-01,-7.435587834883554681e-01,-7.333329680979996379e-01,-7.216723728031660956e-01,-7.100117775083323313e-01,-6.983511822134986780e-01,-6.866905869186649136e-01,-6.750299916238312603e-01,-6.633693963289974960e-01,-6.517088010341638427e-01,-6.400482057393300783e-01,-6.283876104444964250e-01,-6.167270151496626607e-01,-6.050664198548290074e-01,-5.934702994487243144e-01,-5.843242248143244444e-01,-5.751781501799247964e-01,-5.660320755455250374e-01,-5.568860009111252785e-01,-5.477399262767255195e-01,-5.385938516423258715e-01,-5.294477770079260015e-01,-5.203017023735263535e-01,-5.111556277391264835e-01,-5.020095531047268356e-01,-4.928634784703270766e-01,-4.837174038359273731e-01,-4.757479408458157866e-01,-4.717005166699984042e-01,-4.676530924941809664e-01,-4.636056683183635840e-01,-4.595582441425462017e-01,-4.555108199667287638e-01,-4.514633957909113815e-01,-4.474159716150939436e-01,-4.433685474392765613e-01,-4.393211232634591790e-01,-4.352736990876417966e-01,-4.312262749118243588e-01,-4.271788507360069764e-01,-4.193832098261580099e-01,-4.067369354957977023e-01,-3.940906611654372838e-01,-3.814443868350769762e-01,-3.687981125047165021e-01,-3.561518381743562500e-01,-3.435055638439957759e-01,-3.308592895136353018e-01,-3.182130151832750498e-01,-3.055667408529145757e-01,-2.929204665225542681e-01,-2.802741921921938495e-01,-2.676279178618334864e-01,-2.548131445107394422e-01,-2.419040117080341334e-01,-2.289948789053291023e-01,-2.160857461026240989e-01,-2.031766132999190955e-01,-1.902674804972137590e-01,-1.773583476945087556e-01,-1.644492148918037522e-01,-1.515400820890987488e-01,-1.386309492863934123e-01,-1.257218164836884089e-01,-1.128126836809834055e-01,-9.990355087827809677e-02,-9.144202242153352811e-02,-8.378914930041811426e-02,-7.613627617930268654e-02,-6.848340305818709228e-02,-6.083052993707167844e-02,-5.317765681595626459e-02,-4.552478369484084381e-02,-3.787191057372525649e-02,-3.021903745260982876e-02,-2.256616433149441492e-02,-1.491329121037900107e-02,-7.260418089263406816e-03,0.000000000000000000e+00,0.000000000000000000e+00,0.000000000000000000e+00,0.000000000000000000e+00,0.000000000000000000e+00,0.000000000000000000e+00,0.000000000000000000e+00,0.000000000000000000e+00,0.000000000000000000e+00,0.000000000000000000e+00,0.000000000000000000e+00,0.000000000000000000e+00,0.000000000000000000e+00,8.255365428221373911e-03,4.045129059828773271e-02,7.264721576835335426e-02,1.048431409384189827e-01,1.370390661084853468e-01,1.692349912785509614e-01,2.014309164486166037e-01,2.336268416186822183e-01,2.658227667887485546e-01,2.980186919588141969e-01,3.302146171288798393e-01,3.624105422989454817e-01,3.946064674690117902e-01,4.212876861009854923e-01,4.415350804385183570e-01,4.617824747760512771e-01,4.820298691135845859e-01,5.022772634511174505e-01,5.225246577886504262e-01,5.427720521261832909e-01,5.630194464637165996e-01,5.832668408012495753e-01,6.035142351387824400e-01,6.237616294763157487e-01,6.440090238138486134e-01,6.642564181513814781e-01,6.774356189991751487e-01,6.870807231020991113e-01,6.967258272050228518e-01,7.063709313079465923e-01,7.160160354108703329e-01,7.256611395137942955e-01,7.353062436167180360e-01,7.449513477196418876e-01,7.545964518225656281e-01,7.642415559254895907e-01,7.738866600284133312e-01,7.835317641313370718e-01,7.931768682342610344e-01,8.024603660117477499e-01,8.116906863884350010e-01,8.209210067651222520e-01,8.301513271418097251e-01,8.393816475184968651e-01,8.486119678951841161e-01,8.578422882718713671e-01,8.670726086485587292e-01,8.763029290252459802e-01,8.855332494019332312e-01,8.947635697786204823e-01,9.039938901553078443e-01,9.129443305921115526e-01,9.185362117503117485e-01,9.241280929085119444e-01,9.297199740667121404e-01,9.353118552249123363e-01,9.409037363831125322e-01,9.464956175413127282e-01,9.520874986995129241e-01,9.576793798577131200e-01,9.632712610159133160e-01,9.688631421741135119e-01,9.744550233323137078e-01,9.800469044905139038e-01,9.844035726549166254e-01,9.856160622896530388e-01,9.868285519243894521e-01,9.880410415591258655e-01,9.892535311938622788e-01,9.904660208285986922e-01,9.916785104633351056e-01,9.928910000980715189e-01,9.941034897328078213e-01,9.953159793675442346e-01,9.965284690022807590e-01,9.977409586370170613e-01,9.989534482717534747e-01,9.984201588513219594e-01,9.960492072675555253e-01,9.936782556837892022e-01,9.913073041000228791e-01,9.889363525162564450e-01,9.865654009324900109e-01,9.841944493487236878e-01,9.818234977649572537e-01,9.794525461811909306e-01,9.770815945974246075e-01,9.747106430136581734e-01,9.723396914298918503e-01,9.699687398461254162e-01,9.631567021934406281e-01,9.543708485101255468e-01,9.455849948268103544e-01,9.367991411434952731e-01,9.280132874601800808e-01,9.192274337768649994e-01,9.104415800935499181e-01,9.016557264102343927e-01,8.928698727269192004e-01,8.840840190436041190e-01,8.752981653602890377e-01,8.665123116769738454e-01,8.577264579936587641e-01,8.486697789578768747e-01,8.395821484532411949e-01,8.304945179486060702e-01,8.214068874439708345e-01,8.123192569393355988e-01,8.032316264347003631e-01,7.941439959300651275e-01,7.850563654254298918e-01,7.759687349207946561e-01,7.668811044161589763e-01,7.577934739115238516e-01,7.487058434068886159e-01,7.395966385383434538e-01,7.302986579855860194e-01,7.210006774328286960e-01,7.117026968800712616e-01,7.024047163273134942e-01,6.931067357745561708e-01,6.838087552217987364e-01,6.745107746690414130e-01,6.652127941162840896e-01,6.559148135635266552e-01,6.466168330107693318e-01,6.373188524580118974e-01,6.280208719052541300e-01,6.166235989839707887e-01,6.005029182335037685e-01,5.843822374830367483e-01,5.682615567325697281e-01,5.521408759821025969e-01,5.360201952316355767e-01,5.198995144811678903e-01,5.037788337307008701e-01,4.876581529802337944e-01,4.715374722297667742e-01,4.554167914792996985e-01,4.392961107288326783e-01,4.231754299783656581e-01,4.146592327464539429e-01,4.133672948571707750e-01,4.120753569678876072e-01,4.107834190786044948e-01,4.094914811893213824e-01,4.081995433000382145e-01,4.069076054107551021e-01,4.056156675214719898e-01,4.043237296321887664e-01,4.030317917429056540e-01,4.017398538536224861e-01,4.004479159643393738e-01,3.991559780750562614e-01,3.873928107373613705e-01,3.715159461163613508e-01,3.556390814953613866e-01,3.397622168743607007e-01,3.238853522533606810e-01,3.080084876323607168e-01,2.921316230113607526e-01,2.762547583903607329e-01,2.603778937693607132e-01,2.445010291483607767e-01,2.286241645273600631e-01,2.127472999063600712e-01,1.968704352853600792e-01,1.815341701345860870e-01,1.662429549396642614e-01,1.509517397447424358e-01,1.356605245498206103e-01,1.203693093548987986e-01,1.050780941599762791e-01,8.978687896505445354e-02,7.449566377013262797e-02,5.920444857521078852e-02,4.391323338028896295e-02,2.862201818536716513e-02,1.333080299044533956e-02,-9.463622372227306796e-04,-8.327987687562848906e-03,-1.570961313790263103e-02,-2.309123858824241315e-02,-3.047286403858219528e-02,-3.785448948892197740e-02,-4.523611493926175953e-02,-5.261774038960154165e-02,-5.999936583994166378e-02,-6.738099129028143897e-02,-7.476261674062122109e-02,-8.214424219096100321e-02,-8.952586764130079922e-02,-1.027287520241091379e-01,-1.275741542718561994e-01,-1.524195565196032609e-01,-1.772649587673514326e-01,-2.021103610150984942e-01,-2.269557632628455557e-01,-2.518011655105926172e-01,-2.766465677583396787e-01,-3.014919700060867402e-01,-3.263373722538338018e-01,-3.511827745015819735e-01,-3.760281767493290350e-01,-4.008735789970760965e-01,-4.154450650778832022e-01,-4.212103373013125762e-01,-4.269756095247419503e-01,-4.327408817481713244e-01,-4.385061539716006984e-01,-4.442714261950303500e-01,-4.500366984184597241e-01,-4.558019706418890982e-01,-4.615672428653184722e-01,-4.673325150887478463e-01,-4.730977873121772204e-01,-4.788630595356065944e-01,-4.846283317590362461e-01,-4.903030661015124192e-01,-4.959465804850391457e-01,-5.015900948685658722e-01,-5.072336092520927098e-01,-5.128771236356194363e-01,-5.185206380191461628e-01,-5.241641524026730004e-01,-5.298076667861999489e-01,-5.354511811697267865e-01,-5.410946955532535130e-01,-5.467382099367802395e-01,-5.523817243203070770e-01,-5.580252387038338036e-01,-5.566713670543447234e-01,-5.549392583219895370e-01,-5.532071495896343505e-01,-5.514750408572792750e-01,-5.497429321249240886e-01,-5.480108233925690131e-01,-5.462787146602139376e-01,-5.445466059278587512e-01,-5.428144971955036757e-01,-5.410823884631484892e-01,-5.393502797307933028e-01,-5.376181709984382273e-01,-5.371889220261021336e-01,-5.439254017338723823e-01,-5.506618814416425201e-01,-5.573983611494126578e-01,-5.641348408571832396e-01,-5.708713205649533773e-01,-5.776078002727236260e-01,-5.843442799804937637e-01,-5.910807596882639015e-01,-5.978172393960341502e-01,-6.045537191038042879e-01,-6.112901988115745366e-01,-6.180266785193450074e-01,-6.253823491738166318e-01,-6.338437179473978000e-01,-6.423050867209789683e-01,-6.507664554945602475e-01,-6.592278242681414158e-01,-6.676891930417225840e-01,-6.761505618153041963e-01,-6.846119305888854756e-01,-6.930732993624666438e-01,-7.015346681360478120e-01,-7.099960369096290913e-01,-7.184574056832102595e-01,-7.269187744567914278e-01,-7.342636250870550052e-01,-7.407457116974822675e-01,-7.472277983079089747e-01,-7.537098849183362370e-01,-7.601919715287629442e-01,-7.666740581391902065e-01,-7.731561447496174688e-01,-7.796382313600441760e-01,-7.861203179704714383e-01,-7.926024045808981455e-01,-7.990844911913254078e-01,-8.055665778017521150e-01,-8.120486644121793773e-01,-8.216960152850297794e-01,-8.322929454366063684e-01,-8.428898755881839566e-01,-8.534868057397605456e-01,-8.640837358913381339e-01,-8.746806660429147229e-01,-8.852775961944922001e-01,-8.958745263460697883e-01,-9.064714564976463773e-01,-9.170683866492239655e-01,-9.276653168008005546e-01,-9.382622469523780318e-01,-9.488591771039547318e-01,-9.526009029816567830e-01,-9.561622287468880543e-01,-9.597235545121188816e-01,-9.632848802773501529e-01,-9.668462060425810911e-01,-9.704075318078122514e-01,-9.739688575730431896e-01,-9.775301833382744610e-01,-9.810915091035053992e-01,-9.846528348687365595e-01,-9.882141606339678308e-01,-9.917754863991987690e-01,-9.946750320891120101e-01,-9.945492974347143189e-01,-9.944235627803166278e-01,-9.942978281259189366e-01,-9.941720934715211344e-01,-9.940463588171234433e-01,-9.939206241627257521e-01,-9.937948895083280609e-01,-9.936691548539303698e-01,-9.935434201995325676e-01,-9.934176855451348764e-01,-9.932919508907371853e-01,-9.931662162363394941e-01,-9.926520324281083996e-01,-9.915163299737436153e-01,-9.903806275193789421e-01,-9.892449250650142689e-01,-9.881092226106495957e-01,-9.869735201562848115e-01,-9.858378177019201383e-01,-9.847021152475554651e-01,-9.835664127931906808e-01,-9.824307103388261186e-01,-9.812950078844613344e-01,-9.801593054300966612e-01,-9.790236029757319880e-01,-9.781645244348874391e-01,-9.774978799208394742e-01,-9.768312354067916203e-01,-9.761645908927437665e-01,-9.754979463786958016e-01,-9.748313018646479478e-01,-9.741646573506000939e-01,-9.734980128365522400e-01,-9.728313683225042752e-01,-9.721647238084563103e-01,-9.714980792944084564e-01,-9.708314347803606026e-01,-9.701647902663127487e-01,-9.393560903841592369e-01,-9.007687955683022496e-01,-8.621815007524418206e-01,-8.235942059365813916e-01,-7.850069111207244044e-01,-7.464196163048639754e-01,-7.078323214890069881e-01,-6.692450266731465591e-01,-6.306577318572895718e-01,-5.920704370414291429e-01,-5.534831422255686029e-01,-5.148958474097117266e-01,-4.763085525938512421e-01,1.300000000000000044e+00
4.612557691249465908e-01,4.736327834837003037e-01,4.860097978424540166e-01,4.983868122012077295e-01,5.107638265599614424e-01,5.231408409187150443e-01,5.355178552774688683e-01,5.478948696362224702e-01,5.602718839949761831e-01,5.726488983537298960e-01,5.850259127124836089e-01,5.974029270712373219e-01,6.089804303933499252e-01,6.146415520443184732e-01,6.203026736952871323e-01,6.259637953462556803e-01,6.316249169972242283e-01,6.372860386481927764e-01,6.429471602991614354e-01,6.486082819501299834e-01,6.542694036010985315e-01,6.599305252520670795e-01,6.655916469030357385e-01,6.712527685540042865e-01,6.786847073234723027e-01,6.917832608721384835e-01,7.048818144208047753e-01,7.179803679694709562e-01,7.310789215181372480e-01,7.441774750668034288e-01,7.572760286154696097e-01,7.703745821641359015e-01,7.834731357128021934e-01,7.965716892614683742e-01,8.096702428101345550e-01,8.227687963588008468e-01,8.323716782810622883e-01,8.356823512757951544e-01,8.389930242705279095e-01,8.423036972652607757e-01,8.456143702599936418e-01,8.489250432547265079e-01,8.522357162494592631e-01,8.555463892441921292e-01,8.588570622389249953e-01,8.621677352336578615e-01,8.654784082283907276e-01,8.687890812231234827e-01,8.710169237308117429e-01,8.720536527027509255e-01,8.730903816746901080e-01,8.741271106466292906e-01,8.751638396185684732e-01,8.762005685905076557e-01,8.772372975624468383e-01,8.782740265343860209e-01,8.793107555063252034e-01,8.803474844782643860e-01,8.813842134502035686e-01,8.824209424221427511e-01,8.872144149703454774e-01,8.945624731504075999e-01,9.019105313304697225e-01,9.092585895105317340e-01,9.166066476905938565e-01,9.239547058706559790e-01,9.313027640507179905e-01,9.386508222307801130e-01,9.459988804108422356e-01,9.533469385909042471e-01,9.606949967709663696e-01,9.680430549510284921e-01,9.716391748987180943e-01,9.737345195534587994e-01,9.758298642081995045e-01,9.779252088629402095e-01,9.800205535176809146e-01,9.821158981724215087e-01,9.842112428271622138e-01,9.863065874819029188e-01,9.884019321366436239e-01,9.904972767913843290e-01,9.925926214461250341e-01,9.946879661008657392e-01,9.953852830810320240e-01,9.958029945262834026e-01,9.962207059715347812e-01,9.966384174167862708e-01,9.970561288620376494e-01,9.974738403072890280e-01,9.978915517525405177e-01,9.983092631977918963e-01,9.987269746430432749e-01,9.991446860882947645e-01,9.995623975335461431e-01,9.999801089787975217e-01,9.989305389697149540e-01,9.978076048879156446e-01,9.966846708061163351e-01,9.955617367243171367e-01,9.944388026425178273e-01,9.933158685607185179e-01,9.921929344789192085e-01,9.910700003971198990e-01,9.899470663153207006e-01,9.888241322335213912e-01,9.877011981517220818e-01,9.862373396553539839e-01,9.803414637695916367e-01,9.744455878838292895e-01,9.685497119980668312e-01,9.626538361123043730e-01,9.567579602265420258e-01,9.508620843407795675e-01,9.449662084550173313e-01,9.390703325692548731e-01,9.331744566834925259e-01,9.272785807977300676e-01,9.213827049119676094e-01,9.158576644662348443e-01,9.119086746406277477e-01,9.079596848150205401e-01,9.040106949894134436e-01,9.000617051638062360e-01,8.961127153381991395e-01,8.921637255125919319e-01,8.882147356869848354e-01,8.842657458613776278e-01,8.803167560357705312e-01,8.763677662101633237e-01,8.724187763845562271e-01,8.646763899997640390e-01,8.484718112906354248e-01,8.322672325815066996e-01,8.160626538723780854e-01,7.998580751632494712e-01,7.836534964541208570e-01,7.674489177449925759e-01,7.512443390358638506e-01,7.350397603267352364e-01,7.188351816176066222e-01,7.026306029084778970e-01,6.864260241993492828e-01,6.699120577467323479e-01,6.529855743027969117e-01,6.360590908588613646e-01,6.191326074149258174e-01,6.022061239709903813e-01,5.852796405270548341e-01,5.683531570831197310e-01,5.514266736391841839e-01,5.345001901952487477e-01,5.175737067513132006e-01,5.006472233073777645e-01,4.837207398634422173e-01,4.706590932698684338e-01,4.607901379874625447e-01,4.509211827050566557e-01,4.410522274226507666e-01,4.311832721402448221e-01,4.213143168578391551e-01,4.114453615754332105e-01,4.015764062930273215e-01,3.917074510106214325e-01,3.818384957282155434e-01,3.719695404458096544e-01,3.621005851634039319e-01,3.536167742405352810e-01,3.458255354974353324e-01,3.380342967543353283e-01,3.302430580112353242e-01,3.224518192681353757e-01,3.146605805250355381e-01,3.068693417819355340e-01,2.990781030388355299e-01,2.912868642957355814e-01,2.834956255526355773e-01,2.757043868095355732e-01,2.679131480664357357e-01,2.552075474966066793e-01,2.411616664285787526e-01,2.271157853605507981e-01,2.130699042925228437e-01,1.990240232244948615e-01,1.849781421564672401e-01,1.709322610884392857e-01,1.568863800204113312e-01,1.428404989523833768e-01,1.287946178843553946e-01,1.147487368163274402e-01,1.007028557482997910e-01,9.179826740667677842e-02,8.343486777309663815e-02,7.507146813951684483e-02,6.670806850593670456e-02,5.834466887235656429e-02,4.998126923877642402e-02,4.161786960519627682e-02,3.325446997161614349e-02,2.489107033803598934e-02,1.652767070445584907e-02,8.164271070875708802e-03,-6.439838855680012986e-04,-2.769130707940464786e-02,-5.473863027324014918e-02,-8.178595346707680236e-02,-1.088332766609134417e-01,-1.358805998547500948e-01,-1.629279230485867480e-01,-1.899752462424233734e-01,-2.170225694362600266e-01,-2.440698926300966798e-01,-2.711172158239333330e-01,-2.981645390177699584e-01,-3.247011884694949169e-01,-3.481737954685499292e-01,-3.716464024676039979e-01,-3.951190094666590658e-01,-4.185916164657140781e-01,-4.420642234647691460e-01,-4.655368304638242138e-01,-4.890094374628792817e-01,-5.124820444619343496e-01,-5.359546514609894174e-01,-5.594272584600443743e-01,-5.828998654590995532e-01,-6.031089214171012625e-01,-6.141206971684989302e-01,-6.251324729198970420e-01,-6.361442486712951538e-01,-6.471560244226932657e-01,-6.581678001740913775e-01,-6.691795759254894893e-01,-6.801913516768876011e-01,-6.912031274282856019e-01,-7.022149031796837138e-01,-7.132266789310818256e-01,-7.242384546824799374e-01,-7.346961261599166404e-01,-7.442533781921655267e-01,-7.538106302244148571e-01,-7.633678822566640765e-01,-7.729251342889134069e-01,-7.824823863211627373e-01,-7.920396383534120677e-01,-8.015968903856613981e-01,-8.111541424179107285e-01,-8.207113944501599478e-01,-8.302686464824092782e-01,-8.398258985146586086e-01,-8.477655446475871326e-01,-8.540875848811947391e-01,-8.604096251148025676e-01,-8.667316653484103961e-01,-8.730537055820182246e-01,-8.793757458156261642e-01,-8.856977860492339927e-01,-8.920198262828418212e-01,-8.983418665164496497e-01,-9.046639067500575893e-01,-9.109859469836654178e-01,-9.173079872172732463e-01,-9.232767403582538002e-01,-9.290280860576179967e-01,-9.347794317569821931e-01,-9.405307774563463896e-01,-9.462821231557105861e-01,-9.520334688550746716e-01,-9.577848145544388681e-01,-9.635361602538030645e-01,-9.692875059531672610e-01,-9.750388516525314575e-01,-9.807901973518956540e-01,-9.865415430512598505e-01,-9.887903663458290637e-01,-9.897963591096649028e-01,-9.908023518735008528e-01,-9.918083446373366918e-01,-9.928143374011725308e-01,-9.938203301650083699e-01,-9.948263229288442089e-01,-9.958323156926800479e-01,-9.968383084565158869e-01,-9.978443012203517259e-01,-9.988502939841876760e-01,-9.998562867480235150e-01,-1.000000000000000000e+00,-1.000000000000000000e+00,-1.000000000000000000e+00,-1.000000000000000000e+00,-1.000000000000000000e+00,-1.000000000000000000e+00,-1.000000000000000000e+00,-1.000000000000000000e+00,-1.000000000000000000e+00,-1.000000000000000000e+00,-1.000000000000000000e+00,-1.000000000000000000e+00,-9.975655406705249417e-01,-9.950717042842334159e-01,-9.925778678979418901e-01,-9.900840315116502532e-01,-9.875901951253587274e-01,-9.850963587390672016e-01,-9.826025223527756758e-01,-9.801086859664840389e-01,-9.776148495801925131e-01,-9.751210131939009873e-01,-9.726271768076094615e-01,-9.700595793265625044e-01,-9.667912514453383954e-01,-9.635229235641142864e-01,-9.602545956828901774e-01,-9.569862678016660684e-01,-9.537179399204419594e-01,-9.504496120392178504e-01,-9.471812841579938524e-01,-9.439129562767697434e-01,-9.406446283955456344e-01,-9.373763005143215254e-01,-9.341079726330975275e-01,-9.315402239642878168e-01,-9.315412657409977149e-01,-9.315423075177075019e-01,-9.315433492944173999e-01,-9.315443910711272979e-01,-9.315454328478370849e-01,-9.315464746245469829e-01,-9.315475164012568809e-01,-9.315485581779666679e-01,-9.315495999546765660e-01,-9.315506417313864640e-01,-9.315516835080962510e-01,-9.307473960042043082e-01,-9.283324499391083506e-01,-9.259175038740125041e-01,-9.235025578089165466e-01,-9.210876117438207000e-01,-9.186726656787248535e-01,-9.162577196136288959e-01,-9.138427735485330494e-01,-9.114278274834370919e-01,-9.090128814183412453e-01,-9.065979353532453988e-01,-9.041829892881495523e-01,-9.025587219043624820e-01,-9.018915918716332580e-01,-9.012244618389041451e-01,-9.005573318061750321e-01,-8.998902017734459191e-01,-8.992230717407166951e-01,-8.985559417079875821e-01,-8.978888116752584692e-01,-8.972216816425293562e-01,-8.965545516098001322e-01,-8.958874215770710192e-01,-8.952202915443419062e-01,-8.918248870899460057e-01,-8.863832768192998479e-01,-8.809416665486536901e-01,-8.755000562780076434e-01,-8.700584460073614856e-01,-8.646168357367153279e-01,-8.591752254660691701e-01,-8.537336151954231234e-01,-8.482920049247769656e-01,-8.428503946541308078e-01,-8.374087843834849831e-01,-8.319671741128388254e-01,-8.231725972979124784e-01,-8.128749665148604642e-01,-8.025773357318084500e-01,-7.922797049487564358e-01,-7.819820741657044216e-01,-7.716844433826524075e-01,-7.613868125996003933e-01,-7.510891818165483791e-01,-7.407915510334963649e-01,-7.304939202504443507e-01,-7.201962894673927806e-01,-7.098986586843407665e-01,-7.038791487337261454e-01,-6.988662554495672641e-01,-6.938533621654088268e-01,-6.888404688812499455e-01,-6.838275755970915082e-01,-6.788146823129330709e-01,-6.738017890287741896e-01,-6.687888957446157523e-01,-6.637760024604568709e-01,-6.587631091762984337e-01,-6.537502158921395523e-01,-6.487373226079811150e-01,-6.489674843385184744e-01,-6.496009579932632283e-01,-6.502344316480079822e-01,-6.508679053027527361e-01,-6.515013789574974901e-01,-6.521348526122422440e-01,-6.527683262669869979e-01,-6.534017999217317518e-01,-6.540352735764765058e-01,-6.546687472312212597e-01,-6.553022208859660136e-01,-6.560217611234566704e-01,-6.584626330158636076e-01,-6.609035049082707669e-01,-6.633443768006777042e-01,-6.657852486930846414e-01,-6.682261205854918007e-01,-6.706669924778987379e-01,-6.731078643703058972e-01,-6.755487362627129455e-01,-6.779896081551201048e-01,-6.804304800475270421e-01,-6.828713519399342013e-01,-6.852301416750021801e-01,-6.871785206233752552e-01,-6.891268995717482193e-01,-6.910752785201211834e-01,-6.930236574684942585e-01,-6.949720364168672226e-01,-6.969204153652404088e-01,-6.988687943136133729e-01,-7.008171732619864480e-01,-7.027655522103594121e-01,-7.047139311587325983e-01,-7.066623101071055624e-01,-7.016529468539849379e-01,-6.792492280971340612e-01,-6.568455093402812972e-01,-6.344417905834304205e-01,-6.120380718265795439e-01,-5.896343530697267799e-01,-5.672306343128759032e-01,-5.448269155560231392e-01,-5.224231967991722625e-01,-5.000194780423194985e-01,-4.776157592854686218e-01,-4.552120405286158578e-01,-4.366055809070288340e-01,-4.235833258961225201e-01,-4.105610708852172608e-01,-3.975388158743120570e-01,-3.845165608634056875e-01,-3.714943058525004838e-01,-3.584720508415941698e-01,-3.454497958306889105e-01,-3.324275408197825965e-01,-3.194052858088773927e-01,-3.063830307979710232e-01,-2.933607757870658750e-01,-2.835096283574765619e-01,-2.765413060018123148e-01,-2.695729836461480677e-01,-2.626046612904832100e-01,-2.556363389348189630e-01,-2.486680165791541608e-01,-2.416996942234899137e-01,-2.347313718678250560e-01,-2.277630495121608090e-01,-2.207947271564959513e-01,-2.138264048008317042e-01,-2.068580824451669020e-01,-1.933113323845256637e-01,-1.761099002655628354e-01,-1.589084681466014781e-01,-1.417070360276401209e-01,-1.245056039086773064e-01,-1.073041717897159353e-01,-9.010273967075312085e-02,-7.290130755179174971e-02,-5.569987543282894915e-02,-3.849844331386756413e-02,-2.129701119490476358e-02,-4.095579075943378555e-03,2.027913529567011014e-02,4.689550037123459830e-02,7.351186544679909340e-02,1.001282305223658298e-01,1.267445955979303318e-01,1.533609606734970543e-01,1.799773257490615563e-01,2.065936908246282788e-01,2.332100559001927809e-01,2.598264209757595311e-01,2.864427860513240054e-01,3.130591511268907556e-01,3.601731055597225950e-01,4.100570045002922548e-01,4.599409034408661889e-01,5.098248023814359042e-01,5.597087013220097829e-01,6.095926002625795537e-01,6.594764992031534323e-01,7.093603981437230921e-01,7.592442970842969707e-01,8.091281960248667415e-01,8.590120949654407312e-01,9.088959939060103910e-01,1.300000000000000044e+00
0.000000000000000000e+00,0.000000000000000000e+00,0.000000000000000000e+00,0.000000000000000000e+00,0.000000000000000000e+00,0.000000000000000000e+00,0.000000000000000000e+00,0.000000000000000000e+00,0.000000000000000000e+00,0.000000000000000000e+00,0.000000000000000000e+00,0.000000000000000000e+00,1.989989768427500444e-02,7.023493300332331324e-02,1.205699683223716290e-01,1.709050036414199447e-01,2.212400389604682605e-01,2.715750742795165484e-01,3.219101095985648642e-01,3.722451449176131799e-01,4.225801802366614957e-01,4.729152155557099224e-01,5.232502508747582937e-01,5.735852861938065539e-01,6.024563672342758691e-01,6.256458133186507675e-01,6.488352594030256659e-01,6.720247054874004533e-01,6.952141515717753517e-01,7.184035976561502501e-01,7.415930437405251485e-01,7.647824898248999359e-01,7.879719359092748343e-01,8.111613819936496217e-01,8.343508280780245201e-01,8.543611305065119677e-01,8.604626794404921508e-01,8.665642283744722230e-01,8.726657773084524061e-01,8.787673262424324783e-01,8.848688751764125504e-01,8.909704241103927336e-01,8.970719730443728057e-01,9.031735219783529889e-01,9.092750709123330610e-01,9.153766198463131332e-01,9.214781687802933163e-01,9.259353991694088126e-01,9.292087202062219164e-01,9.324820412430350203e-01,9.357553622798481241e-01,9.390286833166612279e-01,9.423020043534743317e-01,9.455753253902874356e-01,9.488486464271005394e-01,9.521219674639136432e-01,9.553952885007267470e-01,9.586686095375398509e-01,9.619419305743529547e-01,9.644854886535841887e-01,9.670116714243015554e-01,9.695378541950189222e-01,9.720640369657362889e-01,9.745902197364536557e-01,9.771164025071710224e-01,9.796425852778883892e-01,9.821687680486057559e-01,9.846949508193231226e-01,9.872211335900404894e-01,9.897473163607578561e-01,9.916114071403040464e-01,9.923582176847490777e-01,9.931050282291941089e-01,9.938518387736390292e-01,9.945986493180840604e-01,9.953454598625289806e-01,9.960922704069740119e-01,9.968390809514189321e-01,9.975858914958639634e-01,9.983327020403088836e-01,9.990795125847539149e-01,9.998263231291988351e-01,9.999405420859373006e-01,9.998630666221586250e-01,9.997855911583799493e-01,9.997081156946013847e-01,9.996306402308227090e-01,9.995531647670440334e-01,9.994756893032653577e-01,9.993982138394866821e-01,9.993207383757081175e-01,9.992432629119294418e-01,9.991657874481507662e-01,9.986924681635332979e-01,9.961833806574592609e-01,9.936742931513852239e-01,9.911652056453110760e-01,9.886561181392369280e-01,9.861470306331628910e-01,9.836379431270888540e-01,9.811288556210147060e-01,9.786197681149406691e-01,9.761106806088665211e-01,9.736015931027924841e-01,9.710925055967184472e-01,9.696808438929700458e-01,9.691379776160627957e-01,9.685951113391555456e-01,9.680522450622482955e-01,9.675093787853410454e-01,9.669665125084337953e-01,9.664236462315266563e-01,9.658807799546194062e-01,9.653379136777121561e-01,9.647950474008049060e-01,9.642521811238976559e-01,9.637093148469904058e-01,9.617400564125558882e-01,9.597012178728761000e-01,9.576623793331963119e-01,9.556235407935165238e-01,9.535847022538367357e-01,9.515458637141569476e-01,9.495070251744771594e-01,9.474681866347973713e-01,9.454293480951175832e-01,9.433905095554377951e-01,9.413516710157580070e-01,9.380045556448729505e-01,9.322153235224048817e-01,9.264260913999368130e-01,9.206368592774687443e-01,9.148476271550006755e-01,9.090583950325326068e-01,9.032691629100645381e-01,8.974799307875964693e-01,8.916906986651284006e-01,8.859014665426603319e-01,8.801122344201922632e-01,8.743230022977241944e-01,8.621681267405060245e-01,8.478250612525924934e-01,8.334819957646788513e-01,8.191389302767653202e-01,8.047958647888517891e-01,7.904527993009382580e-01,7.761097338130247270e-01,7.617666683251110848e-01,7.474236028371975538e-01,7.330805373492840227e-01,7.187374718613704916e-01,7.039378553380581938e-01,6.863228407631200012e-01,6.687078261881818086e-01,6.510928116132437271e-01,6.334777970383055345e-01,6.158627824633673420e-01,5.982477678884292605e-01,5.806327533134910679e-01,5.630177387385528753e-01,5.454027241636147938e-01,5.277877095886762682e-01,5.101726950137380756e-01,4.878695210932512127e-01,4.614896868722875301e-01,4.351098526513238474e-01,4.087300184303602202e-01,3.823501842093965375e-01,3.559703499884328548e-01,3.295905157674691721e-01,3.032106815465055449e-01,2.768308473255418622e-01,2.504510131045781796e-01,2.240711788836144969e-01,1.976913446626508142e-01,1.886857691610046017e-01,1.809832630633070039e-01,1.732807569656094060e-01,1.655782508679118081e-01,1.578757447702142103e-01,1.501732386725166124e-01,1.424707325748190145e-01,1.347682264771213889e-01,1.270657203794238188e-01,1.193632142817262071e-01,1.116607081840286092e-01,1.034789728719673618e-01,9.430454847300925869e-02,8.513012407405151638e-02,7.595569967509341325e-02,6.678127527613568482e-02,5.760685087717758168e-02,4.843242647821947161e-02,3.925800207926175012e-02,3.008357768030363311e-02,2.090915328134590467e-02,1.173472888238780154e-02,2.560304483430073108e-03,-2.182554530253060995e-02,-5.209968878668427839e-02,-8.237383227083920623e-02,-1.126479757549928712e-01,-1.429221192391477990e-01,-1.731962627233014640e-01,-2.034704062074563780e-01,-2.337445496916100429e-01,-2.640186931757649846e-01,-2.942928366599186218e-01,-3.245669801440735358e-01,-3.518943125423459328e-01,-3.568258806879215927e-01,-3.617574488334970306e-01,-3.666890169790726905e-01,-3.716205851246481284e-01,-3.765521532702237328e-01,-3.814837214157991707e-01,-3.864152895613748306e-01,-3.913468577069502685e-01,-3.962784258525259284e-01,-4.012099939981013663e-01,-4.061415621436770262e-01,-4.189788883047300683e-01,-4.393626198441942243e-01,-4.597463513836575477e-01,-4.801300829231216483e-01,-5.005138144625849161e-01,-5.208975460020490722e-01,-5.412812775415124511e-01,-5.616650090809764961e-01,-5.820487406204398750e-01,-6.024324721599040311e-01,-6.228162036993672990e-01,-6.431999352388314550e-01,-6.659655100373385039e-01,-6.889753764521587831e-01,-7.119852428669780631e-01,-7.349951092817982312e-01,-7.580049756966175112e-01,-7.810148421114377904e-01,-8.040247085262570703e-01,-8.270345749410772385e-01,-8.500444413558965184e-01,-8.730543077707166866e-01,-8.960641741855359665e-01,-9.132146816433992509e-01,-9.168435915082847609e-01,-9.204725013731704930e-01,-9.241014112380561141e-01,-9.277303211029418462e-01,-9.313592309678274672e-01,-9.349881408327131993e-01,-9.386170506975988204e-01,-9.422459605624845524e-01,-9.458748704273701735e-01,-9.495037802922559056e-01,-9.531326901571414156e-01,-9.548065263412730541e-01,-9.556331639304112002e-01,-9.564598015195493463e-01,-9.572864391086874924e-01,-9.581130766978255275e-01,-9.589397142869636737e-01,-9.597663518761017087e-01,-9.605929894652398549e-01,-9.614196270543780010e-01,-9.622462646435161471e-01,-9.630729022326541822e-01,-9.639507070846983217e-01,-9.653273927500756191e-01,-9.667040784154530275e-01,-9.680807640808303249e-01,-9.694574497462077334e-01,-9.708341354115850308e-01,-9.722108210769623282e-01,-9.735875067423396256e-01,-9.749641924077170341e-01,-9.763408780730943315e-01,-9.777175637384717399e-01,-9.790942494038490373e-01,-9.805925642342704363e-01,-9.822183000947380949e-01,-9.838440359552057535e-01,-9.854697718156733011e-01,-9.870955076761409597e-01,-9.887212435366085073e-01,-9.903469793970761659e-01,-9.919727152575437135e-01,-9.935984511180113721e-01,-9.952241869784790307e-01,-9.968499228389466893e-01,-9.984756586994142369e-01,-9.987663840964191575e-01,-9.988814502219158786e-01,-9.989965163474125998e-01,-9.991115824729092099e-01,-9.992266485984059310e-01,-9.993417147239026521e-01,-9.994567808493993732e-01,-9.995718469748959834e-01,-9.996869131003927045e-01,-9.998019792258894256e-01,-9.999170453513861467e-01,-1.000000000000000000e+00,-1.000000000000000000e+00,-1.000000000000000000e+00,-1.000000000000000000e+00,-1.000000000000000000e+00,-1.000000000000000000e+00,-1.000000000000000000e+00,-1.000000000000000000e+00,-1.000000000000000000e+00,-1.000000000000000000e+00,-1.000000000000000000e+00,-1.000000000000000000e+00,-9.882102812906592426e-01,-9.707289742388774956e-01,-9.532476671870964147e-01,-9.357663601353147786e-01,-9.182850530835336977e-01,-9.008037460317519507e-01,-8.833224389799709808e-01,-8.658411319281892338e-01,-8.483598248764074867e-01,-8.308785178246265168e-01,-8.133972107728447698e-01,-7.972267749837657069e-01,-7.985346226973756290e-01,-7.998424704109855510e-01,-8.011503181245955840e-01,-8.024581658382055060e-01,-8.037660135518155391e-01,-8.050738612654254611e-01,-8.063817089790353831e-01,-8.076895566926454162e-01,-8.089974044062553382e-01,-8.103052521198652602e-01,-8.116130998334752933e-01,-8.056642409024290519e-01,-7.913701693300282392e-01,-7.770760977576278705e-01,-7.627820261852270578e-01,-7.484879546128268002e-01,-7.341938830404258765e-01,-7.198998114680256188e-01,-7.056057398956248061e-01,-6.913116683232244375e-01,-6.770175967508236248e-01,-6.627235251784233672e-01,-6.484294536060224434e-01,-6.336218018412177466e-01,-6.187308668019685376e-01,-6.038399317627198837e-01,-5.889489967234705636e-01,-5.740580616842219097e-01,-5.591671266449727007e-01,-5.442761916057240468e-01,-5.293852565664747267e-01,-5.144943215272261838e-01,-4.996033864879768638e-01,-4.847124514487282099e-01,-4.701904524243411543e-01,-4.567417218068264839e-01,-4.432929911893112584e-01,-4.298442605717965881e-01,-4.163955299542813626e-01,-4.029467993367666923e-01,-3.894980687192514668e-01,-3.760493381017367964e-01,-3.626006074842215710e-01,-3.491518768667069006e-01,-3.357031462491916751e-01,-3.222544156316770048e-01,-3.161343133727502752e-01,-3.139402620202100258e-01,-3.117462106676697764e-01,-3.095521593151295270e-01,-3.073581079625894441e-01,-3.051640566100491947e-01,-3.029700052575089453e-01,-3.007759539049686959e-01,-2.985819025524286685e-01,-2.963878511998884191e-01,-2.941937998473481697e-01,-2.916732648491136004e-01,-2.824598151141505253e-01,-2.732463653791882274e-01,-2.640329156442251524e-01,-2.548194659092620218e-01,-2.456060161742989745e-01,-2.363925664393366488e-01,-2.271791167043735737e-01,-2.179656669694104987e-01,-2.087522172344474236e-01,-1.995387674994850702e-01,-1.903253177645219951e-01,-1.856448414385498125e-01,-1.866902262607761931e-01,-1.877356110830024627e-01,-1.887809959052288433e-01,-1.898263807274551962e-01,-1.908717655496815768e-01,-1.919171503719078464e-01,-1.929625351941342271e-01,-1.940079200163605799e-01,-1.950533048385869606e-01,-1.960986896608132302e-01,-1.971440744830396108e-01,-1.957179247496139141e-01,-1.938111988525892670e-01,-1.919044729555647866e-01,-1.899977470585401396e-01,-1.880910211615154926e-01,-1.861842952644908455e-01,-1.842775693674663651e-01,-1.823708434704416903e-01,-1.804641175734170433e-01,-1.785573916763923963e-01,-1.766506657793679158e-01,-1.716765956817113969e-01,-1.565802897219695788e-01,-1.414839837622277885e-01,-1.263876778024872194e-01,-1.112913718427454290e-01,-9.619506588300362482e-02,-8.109875992326182059e-02,-6.600245396352126537e-02,-5.090614800377946114e-02,-3.580984204403764304e-02,-2.071353608429585269e-02,-5.617230124555283588e-03,0.000000000000000000e+00,0.000000000000000000e+00,0.000000000000000000e+00,0.000000000000000000e+00,0.000000000000000000e+00,0.000000000000000000e+00,0.000000000000000000e+00,0.000000000000000000e+00,0.000000000000000000e+00,0.000000000000000000e+00,0.000000000000000000e+00,0.000000000000000000e+00,0.000000000000000000e+00,0.000000000000000000e+00,0.000000000000000000e+00,0.000000000000000000e+00,0.000000000000000000e+00,0.000000000000000000e+00,0.000000000000000000e+00,0.000000000000000000e+00,0.000000000000000000e+00,0.000000000000000000e+00,0.000000000000000000e+00,0.000000000000000000e+00,0.000000000000000000e+00,0.000000000000000000e+00,0.000000000000000000e+00,0.000000000000000000e+00,0.000000000000000000e+00,0.000000000000000000e+00,0.000000000000000000e+00,0.000000000000000000e+00,0.000000000000000000e+00,0.000000000000000000e+00,0.000000000000000000e+00,0.000000000000000000e+00,0.000000000000000000e+00,0.000000000000000000e+00,0.000000000000000000e+00,0.000000000000000000e+00,0.000000000000000000e+00,0.000000000000000000e+00,0.000000000000000000e+00,0.000000000000000000e+00,0.000000000000000000e+00,0.000000000000000000e+00,9.781491455565090656e-03,5.651528396548205491e-02,1.032490764753951629e-01,1.499828689853121289e-01,1.967166614952290948e-01,2.434504540051460608e-01,2.901842465150591410e-01,3.369180390249761348e-01,3.836518315348930730e-01,4.303856240448100667e-01,4.771194165547231747e-01,5.238532090646401684e-01,4.966107002902250822e-01,4.209990714452875871e-01,3.453874426003563092e-01,2.697758137554188140e-01,1.941641849104813189e-01,1.185525560655438237e-01,4.294092722061254586e-02,-3.267070162432494929e-02,-1.082823304692624999e-01,-1.838939593141999396e-01,-2.595055881591311620e-01,-3.351172170040687126e-01,1.100000000000000089e+00
-4.494689196999783753e-01,-4.400041599297053740e-01,-4.305394001594323727e-01,-4.210746403891593714e-01,-4.116098806188863701e-01,-4.021451208486134243e-01,-3.926803610783404230e-01,-3.832156013080674217e-01,-3.737508415377944204e-01,-3.642860817675214191e-01,-3.548213219972484178e-01,-3.453565622269754165e-01,-3.222466364762901492e-01,-2.920788662529779089e-01,-2.619110960296656132e-01,-2.317433258063533730e-01,-2.015755555830410772e-01,-1.714077853597287815e-01,-1.412400151364165413e-01,-1.110722449131042455e-01,-8.090447468979200529e-02,-5.073670446647970955e-02,-2.056893424316741381e-02,0.000000000000000000e+00,0.000000000000000000e+00,0.000000000000000000e+00,0.000000000000000000e+00,0.000000000000000000e+00,0.000000000000000000e+00,0.000000000000000000e+00,0.000000000000000000e+00,0.000000000000000000e+00,0.000000000000000000e+00,0.000000000000000000e+00,0.000000000000000000e+00,0.000000000000000000e+00,0.000000000000000000e+00,0.000000000000000000e+00,0.000000000000000000e+00,0.000000000000000000e+00,0.000000000000000000e+00,0.000000000000000000e+00,0.000000000000000000e+00,0.000000000000000000e+00,0.000000000000000000e+00,0.000000000000000000e+00,0.000000000000000000e+00,0.000000000000000000e+00,0.000000000000000000e+00,0.000000000000000000e+00,0.000000000000000000e+00,0.000000000000000000e+00,0.000000000000000000e+00,0.000000000000000000e+00,0.000000000000000000e+00,0.000000000000000000e+00,0.000000000000000000e+00,0.000000000000000000e+00,0.000000000000000000e+00,0.000000000000000000e+00,0.000000000000000000e+00,0.000000000000000000e+00,0.000000000000000000e+00,0.000000000000000000e+00,0.000000000000000000e+00,0.000000000000000000e+00,0.000000000000000000e+00,0.000000000000000000e+00,0.000000000000000000e+00,3.074220557503999293e-02,6.294832570127212312e-02,9.515444582750456903e-02,1.273605659537367096e-01,1.595666860799691555e-01,1.917728062062012684e-01,2.239789263324334090e-01,2.561850464586658549e-01,2.883911665848979955e-01,3.205972867111304137e-01,3.528034068373625542e-01,3.804266105762477146e-01,4.051642743675443747e-01,4.299019381588407573e-01,4.546396019501373620e-01,4.793772657414337446e-01,5.041149295327302937e-01,5.288525933240266763e-01,5.535902571153230589e-01,5.783279209066197746e-01,6.030655846979160462e-01,6.278032484892127618e-01,6.471585413469588266e-01,6.521608450485716357e-01,6.571631487501842228e-01,6.621654524517969209e-01,6.671677561534096190e-01,6.721700598550224282e-01,6.771723635566350152e-01,6.821746672582477133e-01,6.871769709598604114e-01,6.921792746614731096e-01,6.971815783630858077e-01,7.021838820646985058e-01,7.029014114553813197e-01,7.033054207745326192e-01,7.037094300936839186e-01,7.041134394128353291e-01,7.045174487319866286e-01,7.049214580511379280e-01,7.053254673702893385e-01,7.057294766894406379e-01,7.061334860085919374e-01,7.065374953277433479e-01,7.069415046468946473e-01,7.098310025661633826e-01,7.144412233624365394e-01,7.190514441587096961e-01,7.236616649549828528e-01,7.282718857512560096e-01,7.328821065475290553e-01,7.374923273438022120e-01,7.421025481400753687e-01,7.467127689363485255e-01,7.513229897326215712e-01,7.559332105288947279e-01,7.624401553852259150e-01,7.746372724217318595e-01,7.868343894582374709e-01,7.990315064947430823e-01,8.112286235312486937e-01,8.234257405677543051e-01,8.356228576042601386e-01,8.478199746407657500e-01,8.600170916772713614e-01,8.722142087137769728e-01,8.844113257502825842e-01,8.966084427867884177e-01,9.021525421545771861e-01,9.070313397554943258e-01,9.119101373564115764e-01,9.167889349573288271e-01,9.216677325582460778e-01,9.265465301591633285e-01,9.314253277600804681e-01,9.363041253609977188e-01,9.411829229619148585e-01,9.460617205628322202e-01,9.509405181637493598e-01,9.534369307870640409e-01,9.541227308274007335e-01,9.548085308677374261e-01,9.554943309080741187e-01,9.561801309484108113e-01,9.568659309887475040e-01,9.575517310290841966e-01,9.582375310694208892e-01,9.589233311097575818e-01,9.596091311500943855e-01,9.602949311904310781e-01,9.610161974430114773e-01,9.618580488172205900e-01,9.626999001914298137e-01,9.635417515656389265e-01,9.643836029398481502e-01,9.652254543140572629e-01,9.660673056882664866e-01,9.669091570624755994e-01,9.677510084366847121e-01,9.685928598108939358e-01,9.694347111851030485e-01,9.702765625593122722e-01,9.726878249390217279e-01,9.753002938578979597e-01,9.779127627767740805e-01,9.805252316956503122e-01,9.831377006145265440e-01,9.857501695334026648e-01,9.883626384522787856e-01,9.909751073711550173e-01,9.935875762900311381e-01,9.962000452089073699e-01,9.988125141277836017e-01,9.958617833327745306e-01,9.882750527761942072e-01,9.806883222196141059e-01,9.731015916630340046e-01,9.655148611064539033e-01,9.579281305498738019e-01,9.503413999932937006e-01,9.427546694367135993e-01,9.351679388801334980e-01,9.275812083235533967e-01,9.199944777669730733e-01,9.127004922598516146e-01,9.065449597228473211e-01,9.003894271858429166e-01,8.942338946488385121e-01,8.880783621118341076e-01,8.819228295748297031e-01,8.757672970378254096e-01,8.696117645008210051e-01,8.634562319638166006e-01,8.573006994268119740e-01,8.511451668898075695e-01,8.449896343528031650e-01,8.318153415531363004e-01,8.175328234488388190e-01,8.032503053445412267e-01,7.889677872402437453e-01,7.746852691359461529e-01,7.604027510316486715e-01,7.461202329273510792e-01,7.318377148230529317e-01,7.175551967187554503e-01,7.032726786144578579e-01,6.889901605101602655e-01,6.738579625212819391e-01,6.579499698551776188e-01,6.420419771890732985e-01,6.261339845229690892e-01,6.102259918568647690e-01,5.943179991907604487e-01,5.784100065246555733e-01,5.625020138585512530e-01,5.465940211924469327e-01,5.306860285263426125e-01,5.147780358602384032e-01,4.996650562117334049e-01,4.881296351424251334e-01,4.765942140731168619e-01,4.650587930038085349e-01,4.535233719345002634e-01,4.419879508651915478e-01,4.304525297958832208e-01,4.189171087265749494e-01,4.073816876572666779e-01,3.958462665879584064e-01,3.843108455186501349e-01,3.727754244493418634e-01,3.586061369306912106e-01,3.439385503540569600e-01,3.292709637774227094e-01,3.146033772007878482e-01,2.999357906241535976e-01,2.852682040475193470e-01,2.706006174708850964e-01,2.559330308942507903e-01,2.412654443176165675e-01,2.265978577409823169e-01,2.119302711643480386e-01,1.999948710322511924e-01,1.907916573446917230e-01,1.815884436571318927e-01,1.723852299695724510e-01,1.631820162820129816e-01,1.539788025944535121e-01,1.447755889068940705e-01,1.355723752193346010e-01,1.263691615317751316e-01,1.171659478442156760e-01,1.079627341566562204e-01,9.881772486131143451e-02,8.998036735338928171e-02,8.114300984546712892e-02,7.230565233754497612e-02,6.346829482962282332e-02,5.463093732170067052e-02,4.579357981377851772e-02,3.695622230585636492e-02,2.811886479793421212e-02,1.928150729001205932e-02,1.044414978208955957e-02,1.606792274167406775e-03,0.000000000000000000e+00,0.000000000000000000e+00,0.000000000000000000e+00,0.000000000000000000e+00,0.000000000000000000e+00,0.000000000000000000e+00,0.000000000000000000e+00,0.000000000000000000e+00,0.000000000000000000e+00,0.000000000000000000e+00,0.000000000000000000e+00,-8.937840262205105565e-03,-2.766474366872915397e-02,-4.639164707525320064e-02,-6.511855048177725425e-02,-8.384545388830129398e-02,-1.025723572948253476e-01,-1.212992607013494012e-01,-1.400261641078741903e-01,-1.587530675143982439e-01,-1.774799709209222975e-01,-1.962068743274463511e-01,-2.168184559095397423e-01,-2.493663326035704675e-01,-2.819142092976011926e-01,-3.144620859916319455e-01,-3.470099626856626429e-01,-3.795578393796933958e-01,-4.121057160737254255e-01,-4.446535927677561784e-01,-4.772014694617868757e-01,-5.097493461558175731e-01,-5.422972228498483815e-01,-5.748450995438790789e-01,-5.897831916802575014e-01,-6.001930535018114021e-01,-6.106029153233653028e-01,-6.210127771449192036e-01,-6.314226389664734373e-01,-6.418325007880273381e-01,-6.522423626095812388e-01,-6.626522244311352505e-01,-6.730620862526890402e-01,-6.834719480742429409e-01,-6.938818098957968417e-01,-7.064773248246440929e-01,-7.216956234822430316e-01,-7.369139221398419703e-01,-7.521322207974415752e-01,-7.673505194550406250e-01,-7.825688181126395637e-01,-7.977871167702386135e-01,-8.130054154278375522e-01,-8.282237140854364910e-01,-8.434420127430355407e-01,-8.586603114006344795e-01,-8.730527330225681393e-01,-8.810033137663120240e-01,-8.889538945100555756e-01,-8.969044752537991272e-01,-9.048550559975426788e-01,-9.128056367412862304e-01,-9.207562174850297820e-01,-9.287067982287733336e-01,-9.366573789725169963e-01,-9.446079597162605479e-01,-9.525585404600040995e-01,-9.605091212037479842e-01,-9.613800751066069461e-01,-9.601687858209707604e-01,-9.589574965353346858e-01,-9.577462072496986112e-01,-9.565349179640625366e-01,-9.553236286784264619e-01,-9.541123393927903873e-01,-9.529010501071542016e-01,-9.516897608215181270e-01,-9.504784715358820524e-01,-9.492671822502458667e-01,-9.498802330505846658e-01,-9.528937313324690184e-01,-9.559072296143533709e-01,-9.589207278962377234e-01,-9.619342261781221870e-01,-9.649477244600065395e-01,-9.679612227418908921e-01,-9.709747210237752446e-01,-9.739882193056597082e-01,-9.770017175875440607e-01,-9.800152158694284132e-01,-9.828368659501449667e-01,-9.837400340191839732e-01,-9.846432020882230907e-01,-9.855463701572620971e-01,-9.864495382263011036e-01,-9.873527062953401101e-01,-9.882558743643792276e-01,-9.891590424334182341e-01,-9.900622105024572406e-01,-9.909653785714962471e-01,-9.918685466405352535e-01,-9.927717147095743710e-01,-9.934605974643380133e-01,-9.940780517810099415e-01,-9.946955060976818697e-01,-9.953129604143539089e-01,-9.959304147310258370e-01,-9.965478690476977652e-01,-9.971653233643696934e-01,-9.977827776810416216e-01,-9.984002319977135498e-01,-9.990176863143855890e-01,-9.996351406310575172e-01,-1.000000000000000000e+00,-1.000000000000000000e+00,-1.000000000000000000e+00,-1.000000000000000000e+00,-1.000000000000000000e+00,-1.000000000000000000e+00,-1.000000000000000000e+00,-1.000000000000000000e+00,-1.000000000000000000e+00,-1.000000000000000000e+00,-1.000000000000000000e+00,-9.999595262505897031e-01,-9.993659112592394589e-01,-9.987722962678891037e-01,-9.981786812765388595e-01,-9.975850662851885042e-01,-9.969914512938382600e-01,-9.963978363024879048e-01,-9.958042213111375496e-01,-9.952106063197873054e-01,-9.946169913284369501e-01,-9.940233763370867059e-01,-9.934297613457363507e-01,-9.904640253160574836e-01,-9.866087438970057022e-01,-9.827534624779538097e-01,-9.788981810589020283e-01,-9.750428996398501358e-01,-9.711876182207983543e-01,-9.673323368017464619e-01,-9.634770553826946804e-01,-9.596217739636427879e-01,-9.557664925445910065e-01,-9.519112111255391140e-01,-9.496138577577691864e-01,-9.497908607067409026e-01,-9.499678636557126188e-01,-9.501448666046844460e-01,-9.503218695536561622e-01,-9.504988725026278784e-01,-9.506758754515997056e-01,-9.508528784005714218e-01,-9.510298813495431380e-01,-9.512068842985149653e-01,-9.513838872474866815e-01,-9.513152252459581293e-01,-9.460875992839264947e-01,-9.408599733218948602e-01,-9.356323473598633367e-01,-9.304047213978317021e-01,-9.251770954358000676e-01,-9.199494694737684330e-01,-9.147218435117367985e-01,-9.094942175497051640e-01,-9.042665915876736404e-01,-8.990389656256420059e-01,-8.938113396636103714e-01,-8.931222133651488537e-01,-8.943363288610880479e-01,-8.955504443570270201e-01,-8.967645598529661033e-01,-8.979786753489050755e-01,-8.991927908448440476e-01,-9.004069063407831308e-01,-9.016210218367221030e-01,-9.028351373326611862e-01,-9.040492528286001583e-01,-9.052633683245392415e-01,-9.056752513279618944e-01,-9.046832274694812659e-01,-9.036912036110005264e-01,-9.026991797525198979e-01,-9.017071558940391585e-01,-9.007151320355584190e-01,-8.997231081770777905e-01,-8.987310843185970510e-01,-8.977390604601164226e-01,-8.967470366016355721e-01,-8.957550127431549436e-01,-8.946772384707357695e-01,-8.899121963989717887e-01,-8.851471543272078080e-01,-8.803821122554438272e-01,-8.756170701836798465e-01,-8.708520281119157547e-01,-8.660869860401517739e-01,-8.613219439683877932e-01,-8.565569018966238124e-01,-8.517918598248598316e-01,-8.470268177530958509e-01,-8.422617756813318701e-01,-8.383927398351073146e-01,-8.349418402274678686e-01,-8.314909406198284225e-01,-8.280400410121889765e-01,-8.245891414045495305e-01,-8.211382417969100844e-01,-8.176873421892703053e-01,-8.142364425816308593e-01,-8.107855429739914133e-01,-8.073346433663519672e-01,-8.038837437587125212e-01,-8.016807598725215200e-01,-8.018904130477970682e-01,-8.021000662230725053e-01,-8.023097193983479425e-01,-8.025193725736234907e-01,-8.027290257488989278e-01,-8.029386789241744760e-01,-8.031483320994499131e-01,-8.033579852747254613e-01,-8.035676384500008984e-01,-8.037772916252764466e-01,-8.039869448005518837e-01,1.000000000000000000e+00
-1.000000000000000000e+00,-1.000000000000000000e+00,-1.000000000000000000e+00,-1.000000000000000000e+00,-1.000000000000000000e+00,-1.000000000000000000e+00,-1.000000000000000000e+00,-1.000000000000000000e+00,-1.000000000000000000e+00,-1.000000000000000000e+00,-1.000000000000000000e+00,-9.945707155842075098e-01,-9.855843137925510700e-01,-9.765979120008946301e-01,-9.676115102092380793e-01,-9.586251084175816395e-01,-9.496387066259251997e-01,-9.406523048342686488e-01,-9.316659030426122090e-01,-9.226795012509557692e-01,-9.136930994592992183e-01,-9.051092763854391432e-01,-8.980552524392052538e-01,-8.910012284929713644e-01,-8.839472045467374750e-01,-8.768931806005035856e-01,-8.698391566542696962e-01,-8.627851327080358068e-01,-8.557311087618019174e-01,-8.486770848155680280e-01,-8.416230608693341386e-01,-8.345690369231002492e-01,-8.298624919694195246e-01,-8.256976729370971713e-01,-8.215328539047749290e-01,-8.173680348724526867e-01,-8.132032158401303334e-01,-8.090383968078080912e-01,-8.048735777754858489e-01,-8.007087587431634956e-01,-7.965439397108412534e-01,-7.923791206785190111e-01,-7.888927688876625766e-01,-7.863562712348582950e-01,-7.838197735820539025e-01,-7.812832759292496210e-01,-7.787467782764453395e-01,-7.762102806236410579e-01,-7.736737829708367764e-01,-7.711372853180324949e-01,-7.686007876652282134e-01,-7.660642900124240429e-01,-7.633493893412145459e-01,-7.522495468049589240e-01,-7.411497042687034131e-01,-7.300498617324479023e-01,-7.189500191961922804e-01,-7.078501766599367695e-01,-6.967503341236811476e-01,-6.856504915874256367e-01,-6.745506490511702369e-01,-6.634508065149146150e-01,-6.523509639786591041e-01,-6.390145175374474240e-01,-6.243361087532619536e-01,-6.096576999690765941e-01,-5.949792911848911237e-01,-5.803008824007057642e-01,-5.656224736165202938e-01,-5.509440648323350453e-01,-5.362656560481495749e-01,-5.215872472639642154e-01,-5.069088384797788560e-01,-4.932913844540574022e-01,-4.832425964340785196e-01,-4.731938084140996370e-01,-4.631450203941207544e-01,-4.530962323741418718e-01,-4.430474443541631002e-01,-4.329986563341842176e-01,-4.229498683142053350e-01,-4.129010802942264524e-01,-4.028522922742475698e-01,-3.928035042542686872e-01,-3.597757037458538809e-01,-3.221521007397515346e-01,-2.845284977336491883e-01,-2.469048947275467865e-01,-2.092812917214444124e-01,-1.716576887153420383e-01,-1.340340857092396920e-01,-9.641048270313729018e-02,-5.878687969703494387e-02,-2.116327669093254205e-02,0.000000000000000000e+00,0.000000000000000000e+00,0.000000000000000000e+00,0.000000000000000000e+00,0.000000000000000000e+00,0.000000000000000000e+00,0.000000000000000000e+00,0.000000000000000000e+00,0.000000000000000000e+00,0.000000000000000000e+00,0.000000000000000000e+00,0.000000000000000000e+00,0.000000000000000000e+00,0.000000000000000000e+00,0.000000000000000000e+00,0.000000000000000000e+00,0.000000000000000000e+00,0.000000000000000000e+00,0.000000000000000000e+00,0.000000000000000000e+00,0.000000000000000000e+00,0.000000000000000000e+00,0.000000000000000000e+00,0.000000000000000000e+00,0.000000000000000000e+00,0.000000000000000000e+00,0.000000000000000000e+00,0.000000000000000000e+00,0.000000000000000000e+00,0.000000000000000000e+00,0.000000000000000000e+00,1.419366690463070776e-02,7.096833452315458313e-02,1.277430021416784689e-01,1.845176697602023408e-01,2.412923373787262127e-01,2.980670049972500846e-01,3.548416726157739842e-01,4.116163402342978284e-01,4.683910078528217280e-01,5.251656754713456277e-01,5.819403430898694163e-01,5.917060476769008259e-01,5.934458317463606747e-01,5.951856158158204124e-01,5.969253998852802612e-01,5.986651839547399989e-01,6.004049680241998477e-01,6.021447520936596964e-01,6.038845361631195452e-01,6.056243202325792829e-01,6.073641043020391317e-01,6.129996161715407510e-01,6.232391699865462709e-01,6.334787238015517907e-01,6.437182776165573106e-01,6.539578314315628305e-01,6.641973852465683503e-01,6.744369390615738702e-01,6.846764928765795011e-01,6.949160466915850209e-01,7.051556005065905408e-01,7.155795196882920317e-01,7.287689193704366408e-01,7.419583190525813610e-01,7.551477187347259701e-01,7.683371184168705792e-01,7.815265180990152993e-01,7.947159177811599085e-01,8.079053174633045176e-01,8.210947171454492377e-01,8.342841168275938468e-01,8.474735165097384559e-01,8.514208836744134867e-01,8.507472345803538394e-01,8.500735854862940810e-01,8.493999363922343226e-01,8.487262872981745643e-01,8.480526382041148059e-01,8.473789891100550475e-01,8.467053400159954002e-01,8.460316909219356418e-01,8.453580418278758835e-01,8.472233548558244509e-01,8.559243351353335028e-01,8.646253154148427766e-01,8.733262956943518285e-01,8.820272759738612134e-01,8.907282562533701542e-01,8.994292365328792060e-01,9.081302168123885910e-01,9.168311970918976428e-01,9.255321773714069167e-01,9.342331576509159685e-01,9.390311575165959379e-01,9.432715887517287845e-01,9.475120199868616311e-01,9.517524512219943666e-01,9.559928824571273243e-01,9.602333136922600598e-01,9.644737449273930174e-01,9.687141761625257530e-01,9.729546073976585996e-01,9.771950386327914462e-01,9.801866087747688194e-01,9.818207212067946443e-01,9.834548336388205803e-01,9.850889460708464052e-01,9.867230585028722301e-01,9.883571709348981660e-01,9.899912833669239909e-01,9.916253957989498158e-01,9.932595082309756407e-01,9.948936206630015766e-01,9.964204824533416938e-01,9.967675871851389147e-01,9.971146919169360245e-01,9.974617966487332454e-01,9.978089013805303553e-01,9.981560061123275762e-01,9.985031108441246861e-01,9.988502155759219070e-01,9.991973203077190169e-01,9.995444250395162378e-01,9.998915297713133477e-01,1.000000000000000000e+00,1.000000000000000000e+00,1.000000000000000000e+00,1.000000000000000000e+00,1.000000000000000000e+00,1.000000000000000000e+00,1.000000000000000000e+00,1.000000000000000000e+00,1.000000000000000000e+00,1.000000000000000000e+00,9.995935121167989212e-01,9.981998393743950482e-01,9.968061666319913972e-01,9.954124938895875241e-01,9.940188211471837620e-01,9.926251484047800000e-01,9.912314756623762380e-01,9.898378029199723649e-01,9.884441301775686028e-01,9.870504574351648408e-01,9.856567846927610788e-01,9.769955803535942396e-01,9.674893142008499369e-01,9.579830480481059674e-01,9.484767818953616647e-01,9.389705157426176951e-01,9.294642495898733925e-01,9.199579834371294229e-01,9.104517172843851203e-01,9.009454511316411507e-01,8.914391849788967370e-01,8.856809128653854168e-01,8.836706347911067461e-01,8.816603567168280753e-01,8.796500786425492935e-01,8.776398005682706227e-01,8.756295224939918409e-01,8.736192444197131701e-01,8.716089663454344993e-01,8.695986882711557175e-01,8.675884101968770468e-01,8.646465815898800589e-01,8.536934184015068094e-01,8.427402552131332270e-01,8.317870920247599775e-01,8.208339288363863950e-01,8.098807656480131456e-01,7.989276024596394521e-01,7.879744392712663137e-01,7.770212760828926202e-01,7.660681128945194818e-01,7.551149497061457883e-01,7.432825984302288136e-01,7.310882285300287498e-01,7.188938586298291300e-01,7.066994887296289551e-01,6.945051188294293354e-01,6.823107489292297156e-01,6.701163790290295408e-01,6.579220091288299210e-01,6.457276392286297462e-01,6.335332693284301264e-01,6.203567088673900276e-01,6.050193291725025624e-01,5.896819494776145421e-01,5.743445697827270768e-01,5.590071900878390565e-01,5.436698103929515913e-01,5.283324306980635710e-01,5.129950510031761057e-01,4.976576713082880854e-01,4.823202916134006202e-01,4.669829119185125998e-01,4.555107146407533225e-01,4.443898975827328957e-01,4.332690805247121357e-01,4.221482634666917644e-01,4.110274464086709489e-01,3.999066293506505776e-01,3.887858122926297622e-01,3.776649952346093908e-01,3.665441781765885754e-01,3.554233611185682040e-01,3.456970717635506896e-01,3.372537478952964407e-01,3.288104240270419698e-01,3.203671001587877210e-01,3.119237762905332501e-01,3.034804524222790012e-01,2.950371285540244748e-01,2.865938046857702814e-01,2.781504808175157550e-01,2.697071569492615617e-01,2.591651093032424358e-01,2.339319952128654512e-01,2.086988811224894103e-01,1.834657670321124256e-01,1.582326529417363570e-01,1.329995388513593724e-01,1.077664247609833037e-01,8.253331067060631909e-02,5.730019658023027818e-02,3.206708248985329357e-02,6.833968399477252653e-03,0.000000000000000000e+00,0.000000000000000000e+00,0.000000000000000000e+00,0.000000000000000000e+00,0.000000000000000000e+00,0.000000000000000000e+00,0.000000000000000000e+00,0.000000000000000000e+00,0.000000000000000000e+00,0.000000000000000000e+00,-1.433951408416779712e-02,-5.735805633666801046e-02,-1.003765985891682255e-01,-1.433951408416684337e-01,-1.864136830941718337e-01,-2.294322253466720418e-01,-2.724507675991722500e-01,-3.154693098516724303e-01,-3.584878521041758304e-01,-4.015063943566760662e-01,-4.445249366091762466e-01,-4.596263654990397352e-01,-4.728666534980613956e-01,-4.861069414970821123e-01,-4.993472294961027735e-01,-5.125875174951235458e-01,-5.258278054941442070e-01,-5.390680934931658674e-01,-5.523083814921865287e-01,-5.655486694912073009e-01,-5.787889574902279621e-01,-5.928911756620739437e-01,-6.077227193647700698e-01,-6.225542630674661959e-01,-6.373858067701623220e-01,-6.522173504728595583e-01,-6.670488941755556844e-01,-6.818804378782518105e-01,-6.967119815809479366e-01,-7.115435252836451729e-01,-7.263750689863412990e-01,-7.401052968641970153e-01,-7.473849606251301569e-01,-7.546646243860631875e-01,-7.619442881469967732e-01,-7.692239519079298038e-01,-7.765036156688628344e-01,-7.837832794297958650e-01,-7.910629431907295617e-01,-7.983426069516625923e-01,-8.056222707125956228e-01,-8.129019344735286534e-01,-8.145080924581977744e-01,-8.142230818507785184e-01,-8.139380712433592624e-01,-8.136530606359401174e-01,-8.133680500285208614e-01,-8.130830394211016054e-01,-8.127980288136823495e-01,-8.125130182062630935e-01,-8.122280075988438375e-01,-8.119429969914245815e-01,-8.154738674516618380e-01,-8.259631092705667088e-01,-8.364523510894715796e-01,-8.469415929083771166e-01,-8.574308347272819875e-01,-8.679200765461868583e-01,-8.784093183650916181e-01,-8.888985601839972661e-01,-8.993878020029020259e-01,-9.098770438218068968e-01,-9.203662856407117676e-01,-9.218105944702316146e-01,-9.228616453436907507e-01,-9.239126962171499979e-01,-9.249637470906092451e-01,-9.260147979640684923e-01,-9.270658488375277395e-01,-9.281168997109869867e-01,-9.291679505844462339e-01,-9.302190014579054811e-01,-9.312700523313647283e-01,-9.333848509676123673e-01,-9.363270089749174963e-01,-9.392691669822226253e-01,-9.422113249895280873e-01,-9.451534829968332163e-01,-9.480956410041383453e-01,-9.510377990114435853e-01,-9.539799570187489364e-01,-9.569221150260540654e-01,-9.598642730333593054e-01,-9.625486956528017668e-01,-9.639444413329306682e-01,-9.653401870130593476e-01,-9.667359326931881380e-01,-9.681316783733169284e-01,-9.695274240534457189e-01,-9.709231697335746203e-01,-9.723189154137034107e-01,-9.737146610938322011e-01,-9.751104067739609915e-01,-9.765061524540898930e-01,-9.784110489178945436e-01,-9.804673145336028073e-01,-9.825235801493110710e-01,-9.845798457650195568e-01,-9.866361113807278205e-01,-9.886923769964360842e-01,-9.907486426121443479e-01,-9.928049082278528337e-01,-9.948611738435610974e-01,-9.969174394592693611e-01,-9.982674413439497352e-01,-9.984403370102499231e-01,-9.986132326765502221e-01,-9.987861283428504100e-01,-9.989590240091507090e-01,-9.991319196754508969e-01,-9.993048153417510848e-01,-9.994777110080513838e-01,-9.996506066743515717e-01,-9.998235023406518707e-01,-9.999963980069520586e-01,-9.998603387178232049e-01,-9.997177059190042181e-01,-9.995750731201853423e-01,-9.994324403213664665e-01,-9.992898075225475907e-01,-9.991471747237286039e-01,-9.990045419249097280e-01,-9.988619091260908522e-01,-9.987192763272719764e-01,-9.985766435284529896e-01,-9.986004156615895244e-01,-9.987430484604084002e-01,-9.988856812592272760e-01,-9.990283140580462629e-01,-9.991709468568651387e-01,-9.993135796556840145e-01,-9.994562124545028903e-01,-9.995988452533218771e-01,-9.997414780521407529e-01,-9.998841108509596287e-01,-1.000000000000000000e+00,-1.000000000000000000e+00,-1.000000000000000000e+00,-1.000000000000000000e+00,-1.000000000000000000e+00,-1.000000000000000000e+00,-1.000000000000000000e+00,-1.000000000000000000e+00,-1.000000000000000000e+00,-1.000000000000000000e+00,-1.000000000000000000e+00,-9.996227221393797491e-01,-9.991461606312277421e-01,-9.986695991230757352e-01,-9.981930376149238393e-01,-9.977164761067719434e-01,-9.972399145986199365e-01,-9.967633530904679295e-01,-9.962867915823160336e-01,-9.958102300741640267e-01,-9.953336685660121308e-01,-9.743143843971519003e-01,-9.219404182724783015e-01,-8.695664521478047027e-01,-8.171924860231309928e-01,-7.648185198984536193e-01,-7.124445537737800205e-01,-6.600705876491064217e-01,-6.076966215244327119e-01,-5.553226553997591131e-01,-5.029486892750816285e-01,-4.505747231504080297e-01,1.100000000000000089e+00
-1.000000000000000000e+00,-1.000000000000000000e+00,-1.000000000000000000e+00,-1.000000000000000000e+00,-1.000000000000000000e+00,-1.000000000000000000e+00,-1.000000000000000000e+00,-1.000000000000000000e+00,-1.000000000000000000e+00,-1.000000000000000000e+00,-1.000000000000000000e+00,-1.000000000000000000e+00,-1.000000000000000000e+00,-1.000000000000000000e+00,-1.000000000000000000e+00,-1.000000000000000000e+00,-1.000000000000000000e+00,-1.000000000000000000e+00,-1.000000000000000000e+00,-1.000000000000000000e+00,-1.000000000000000000e+00,-1.000000000000000000e+00,-1.000000000000000000e+00,-1.000000000000000000e+00,-1.000000000000000000e+00,-1.000000000000000000e+00,-1.000000000000000000e+00,-1.000000000000000000e+00,-1.000000000000000000e+00,-1.000000000000000000e+00,-1.000000000000000000e+00,-1.000000000000000000e+00,-1.000000000000000000e+00,-1.000000000000000000e+00,-1.000000000000000000e+00,-1.000000000000000000e+00,-9.982910853115971594e-01,-9.935061241840694723e-01,-9.887211630565415632e-01,-9.839362019290137651e-01,-9.791512408014859670e-01,-9.743662796739581688e-01,-9.695813185464303707e-01,-9.647963574189025726e-01,-9.600113962913747745e-01,-9.516165609465009334e-01,-9.387454815721179013e-01,-9.258744021977347582e-01,-9.130033228233517262e-01,-9.001322434489686941e-01,-8.872611640745856620e-01,-8.743900847002026300e-01,-8.615190053258194869e-01,-8.486479259514365658e-01,-8.435806037739737029e-01,-8.452765378338417124e-01,-8.469724718937098329e-01,-8.486684059535778424e-01,-8.503643400134458519e-01,-8.520602740733138614e-01,-8.537562081331819819e-01,-8.554521421930499914e-01,-8.571480762529180009e-01,-8.516023036546731539e-01,-8.417115070615606154e-01,-8.318207104684480768e-01,-8.219299138753355383e-01,-8.120391172822229997e-01,-8.021483206891104611e-01,-7.922575240959979226e-01,-7.823667275028853840e-01,-7.724759309097728455e-01,-7.646966453345001025e-01,-7.577619641663633221e-01,-7.508272829982265417e-01,-7.438926018300896503e-01,-7.369579206619528700e-01,-7.300232394938159786e-01,-7.230885583256791982e-01,-7.161538771575423068e-01,-7.092191959894055264e-01,-7.078749050439212542e-01,-7.078971539306408989e-01,-7.079194028173605435e-01,-7.079416517040801882e-01,-7.079639005907998328e-01,-7.079861494775195885e-01,-7.080083983642392331e-01,-7.080306472509588778e-01,-7.080528961376785224e-01,-6.986214846456124672e-01,-6.880556339080919903e-01,-6.774897831705716245e-01,-6.669239324330511476e-01,-6.563580816955307817e-01,-6.457922309580103049e-01,-6.352263802204899390e-01,-6.246605294829695731e-01,-6.140946787454490963e-01,-5.867852329379952270e-01,-5.591713581292693247e-01,-5.315574833205439775e-01,-5.039436085118180753e-01,-4.763297337030927281e-01,-4.487158588943668813e-01,-4.211019840856414787e-01,-3.934881092769160760e-01,-3.648979835234579250e-01,-3.236165954884811513e-01,-2.823352074535037115e-01,-2.410538194185269101e-01,-1.997724313835494703e-01,-1.584910433485726688e-01,-1.172096553135958952e-01,-7.592826727861839986e-02,-3.464687924364162619e-02,8.088436729073035514e-03,5.841648748774775496e-02,1.087445382464232585e-01,1.590725890050979918e-01,2.094006397637727113e-01,2.597286905224482356e-01,3.100567412811229273e-01,3.603847920397984517e-01,4.107128427984731434e-01,4.629602710022124867e-01,5.209658315411422880e-01,5.789713920800730884e-01,6.369769526190030007e-01,6.949825131579328019e-01,7.529880736968634913e-01,8.109936342357934036e-01,8.689991947747242040e-01,9.270047553136540053e-01,9.661615458165240256e-01,9.686128367754870405e-01,9.710641277344501665e-01,9.735154186934132925e-01,9.759667096523763075e-01,9.784180006113394334e-01,9.808692915703025594e-01,9.833205825292655744e-01,9.857718734882287004e-01,9.872202024256399033e-01,9.873312486676487643e-01,9.874422949096575142e-01,9.875533411516662641e-01,9.876643873936751250e-01,9.877754336356838749e-01,9.878864798776926248e-01,9.879975261197014857e-01,9.881085723617102357e-01,9.882669159582772034e-01,9.884692950228809449e-01,9.886716740874847975e-01,9.888740531520886501e-01,9.890764322166923916e-01,9.892788112812962442e-01,9.894811903458999858e-01,9.896835694105038383e-01,9.898859484751076909e-01,9.906190428839876105e-01,9.916955413391639329e-01,9.927720397943402553e-01,9.938485382495165776e-01,9.949250367046929000e-01,9.960015351598692224e-01,9.970780336150455447e-01,9.981545320702218671e-01,9.992310305253981895e-01,9.995383585523420766e-01,9.995104071618513553e-01,9.994824557713606339e-01,9.994545043808699125e-01,9.994265529903791911e-01,9.993986015998883587e-01,9.993706502093976374e-01,9.993426988189069160e-01,9.993147474284161946e-01,9.993697090568266495e-01,9.994472833267556977e-01,9.995248575966847460e-01,9.996024318666137942e-01,9.996800061365427315e-01,9.997575804064717797e-01,9.998351546764008280e-01,9.999127289463298762e-01,9.999903032162589245e-01,9.999701990638006910e-01,9.999361408510015758e-01,9.999020826382023497e-01,9.998680244254031235e-01,9.998339662126040084e-01,9.997999079998047822e-01,9.997658497870055561e-01,9.997317915742064409e-01,9.996977333614072148e-01,9.997293588447208057e-01,9.997634170575199208e-01,9.997974752703191470e-01,9.998315334831182621e-01,9.998655916959174883e-01,9.998996499087167145e-01,9.999337081215158296e-01,9.999677663343150558e-01,1.000000000000000000e+00,1.000000000000000000e+00,1.000000000000000000e+00,1.000000000000000000e+00,1.000000000000000000e+00,1.000000000000000000e+00,1.000000000000000000e+00,1.000000000000000000e+00,1.000000000000000000e+00,1.000000000000000000e+00,1.000000000000000000e+00,1.000000000000000000e+00,1.000000000000000000e+00,1.000000000000000000e+00,1.000000000000000000e+00,1.000000000000000000e+00,1.000000000000000000e+00,1.000000000000000000e+00,9.999328642198026529e-01,9.996436639358755594e-01,9.993544636519484659e-01,9.990652633680213723e-01,9.987760630840942788e-01,9.984868628001671853e-01,9.981976625162400918e-01,9.979084622323131093e-01,9.976192619483860158e-01,9.971996592981758889e-01,9.965047627635903460e-01,9.958098662290049141e-01,9.951149696944194822e-01,9.944200731598340504e-01,9.937251766252486185e-01,9.930302800906630756e-01,9.923353835560776437e-01,9.916404870214922118e-01,9.911901443393226208e-01,9.910906832714887482e-01,9.909912222036549867e-01,9.908917611358211142e-01,9.907923000679873526e-01,9.906928390001534801e-01,9.905933779323196076e-01,9.904939168644858460e-01,9.903944557966519735e-01,9.897818931544337673e-01,9.886562289378313384e-01,9.875305647212287985e-01,9.864049005046262586e-01,9.852792362880237187e-01,9.841535720714211788e-01,9.830279078548186389e-01,9.819022436382160990e-01,9.807765794216135591e-01,9.803653591184570137e-01,9.804520845731565792e-01,9.805388100278562558e-01,9.806255354825558213e-01,9.807122609372554978e-01,9.807989863919551743e-01,9.808857118466547398e-01,9.809724373013544163e-01,9.810591627560540928e-01,9.787923475280277952e-01,9.754106972397629249e-01,9.720290469514981657e-01,9.686473966632332955e-01,9.652657463749684252e-01,9.618840960867035550e-01,9.585024457984387958e-01,9.551207955101739255e-01,9.517391452219091663e-01,9.515142578289179642e-01,9.522437406135677573e-01,9.529732233982174394e-01,9.537027061828672325e-01,9.544321889675170256e-01,9.551616717521667077e-01,9.558911545368165008e-01,9.566206373214661829e-01,9.573501201061159760e-01,9.500900683721460460e-01,9.414984275517391810e-01,9.329067867313323159e-01,9.243151459109260060e-01,9.157235050905191409e-01,9.071318642701127200e-01,8.985402234497058549e-01,8.899485826292989898e-01,8.813569418088926799e-01,8.446172183102511610e-01,8.062842071128437649e-01,7.679511959154340373e-01,7.296181847180243096e-01,6.912851735206169135e-01,6.529521623232071859e-01,6.146191511257999007e-01,5.762861399283900621e-01,5.384244547177966522e-01,5.132885711512356064e-01,4.881526875846731173e-01,4.630168040181121270e-01,4.378809204515495823e-01,4.127450368849870377e-01,3.876091533184260474e-01,3.624732697518635582e-01,3.373373861853009581e-01,3.140335514756393276e-01,3.035540587642720500e-01,2.930745660529054386e-01,2.825950733415381610e-01,2.721155806301708835e-01,2.616360879188042721e-01,2.511565952074369945e-01,2.406771024960703831e-01,2.301976097847031055e-01,2.166259177007311687e-01,1.917161612505453028e-01,1.668064048003578548e-01,1.418966483501720166e-01,1.169868918999845547e-01,9.207713544979712061e-02,6.716737899961125469e-02,4.225762254942380669e-02,1.734786609923794076e-02,-1.886700124643708038e-02,-8.101712299940835860e-02,-1.431672447523757163e-01,-2.053173665053470154e-01,-2.674674882583182867e-01,-3.296176100112856444e-01,-3.917677317642569434e-01,-4.539178535172243012e-01,-5.160679752701955447e-01,-5.586436542953807649e-01,-5.709679218321709326e-01,-5.832921893689619885e-01,-5.956164569057522673e-01,-6.079407244425433232e-01,-6.202649919793342681e-01,-6.325892595161245469e-01,-6.449135270529156028e-01,-6.572377945897058815e-01,-6.748237271326036346e-01,-6.980610776450236754e-01,-7.212984281574422729e-01,-7.445357786698623137e-01,-7.677731291822810222e-01,-7.910104796947010630e-01,-8.142478302071212148e-01,-8.374851807195398123e-01,-8.607225312319598531e-01,-8.721811737904029416e-01,-8.748057853833638431e-01,-8.774303969763249667e-01,-8.800550085692858682e-01,-8.826796201622468807e-01,-8.853042317552080043e-01,-8.879288433481689058e-01,-8.905534549411299183e-01,-8.931780665340908199e-01,-9.001666678023032553e-01,-9.093962367415908687e-01,-9.186258056808779271e-01,-9.278553746201655406e-01,-9.370849435594525989e-01,-9.463145124987402124e-01,-9.555440814380278258e-01,-9.647736503773147732e-01,-9.740032193166023866e-01,-9.770021399930159944e-01,-9.779241779151383041e-01,-9.788462158372607247e-01,-9.797682537593830343e-01,-9.806902916815053439e-01,-9.816123296036277646e-01,-9.825343675257500742e-01,-9.834564054478724948e-01,-9.843784433699948044e-01,-9.831610298155470939e-01,-9.815339340634582355e-01,-9.799068383113694880e-01,-9.782797425592806295e-01,-9.766526468071918821e-01,-9.750255510551030236e-01,-9.733984553030142761e-01,-9.717713595509255287e-01,-9.701442637988366702e-01,-9.724920388488853540e-01,-9.751455731914063785e-01,-9.777991075339272919e-01,-9.804526418764480944e-01,-9.831061762189690079e-01,-9.857597105614899213e-01,-9.884132449040107238e-01,-9.910667792465317483e-01,-9.936829272650397060e-01,-9.942428274628418716e-01,-9.948027276606441482e-01,-9.953626278584463138e-01,-9.959225280562484794e-01,-9.964824282540506450e-01,-9.970423284518528106e-01,-9.976022286496549762e-01,-9.981621288474571418e-01,-9.986781274368888850e-01,-9.988282792898994789e-01,-9.989784311429100727e-01,-9.991285829959206666e-01,-9.992787348489312604e-01,-9.994288867019418543e-01,-9.995790385549524482e-01,-9.997291904079630420e-01,-9.998793422609736359e-01,-9.999378942760045463e-01,-9.996217196811185701e-01,-9.993055450862325939e-01,-9.989893704913467287e-01,-9.986731958964607525e-01,-9.983570213015747763e-01,-9.980408467066889111e-01,-9.977246721118029349e-01,-9.974084975169169587e-01,-9.972261822873613735e-01,-9.973785154711315437e-01,-9.975308486549017140e-01,-9.976831818386718842e-01,-9.978355150224421655e-01,-9.979878482062123357e-01,-9.981401813899825060e-01,-9.982925145737526762e-01,-9.984448477575229575e-01,-9.982752286867777602e-01,-9.975690225251737653e-01,-9.968628163635697703e-01,-9.961566102019657754e-01,-9.954504040403617804e-01,-9.947441978787577854e-01,-9.940379917171537905e-01,-9.933317855555497955e-01,-9.926255793939458005e-01,-9.926512053232778854e-01,-9.935212528959975753e-01,-9.943913004687173762e-01,-9.952613480414371772e-01,-9.961313956141568671e-01,-9.970014431868765570e-01,-9.978714907595963579e-01,-9.987415383323160478e-01,-9.996115859050358488e-01,-1.000000000000000000e+00,-1.000000000000000000e+00,-1.000000000000000000e+00,-1.000000000000000000e+00,-1.000000000000000000e+00,-1.000000000000000000e+00,-1.000000000000000000e+00,-1.000000000000000000e+00,-1.000000000000000000e+00,-1.000000000000000000e+00,-1.000000000000000000e+00,-1.000000000000000000e+00,-1.000000000000000000e+00,-1.000000000000000000e+00,-1.000000000000000000e+00,-1.000000000000000000e+00,-1.000000000000000000e+00,-1.000000000000000000e+00,-1.000000000000000000e+00,-1.000000000000000000e+00,-1.000000000000000000e+00,-1.000000000000000000e+00,-1.000000000000000000e+00,-1.000000000000000000e+00,-1.000000000000000000e+00,-1.000000000000000000e+00,-1.000000000000000000e+00,-1.000000000000000000e+00,-1.000000000000000000e+00,-1.000000000000000000e+00,-1.000000000000000000e+00,-1.000000000000000000e+00,-1.000000000000000000e+00,-1.000000000000000000e+00,-1.000000000000000000e+00,-1.000000000000000000e+00,-8.039006652575810818e-01,-5.885759055404080620e-01,-3.732511458232486978e-01,-1.579263861060756780e-01,5.739837361109745295e-02,2.727231333282567061e-01,4.880478930454297259e-01,7.033726527625892011e-01,9.186974124797622210e-01,9.000000000000000222e-01
-1.000000000000000000e+00,-1.000000000000000000e+00,-1.000000000000000000e+00,-1.000000000000000000e+00,-1.000000000000000000e+00,-1.000000000000000000e+00,-1.000000000000000000e+00,-1.000000000000000000e+00,-1.000000000000000000e+00,-1.000000000000000000e+00,-1.000000000000000000e+00,-1.000000000000000000e+00,-1.000000000000000000e+00,-1.000000000000000000e+00,-1.000000000000000000e+00,-1.000000000000000000e+00,-1.000000000000000000e+00,-1.000000000000000000e+00,-1.000000000000000000e+00,-9.997735761169910251e-01,-9.995086119985763240e-01,-9.992436478801617339e-01,-9.989786837617470328e-01,-9.987137196433323316e-01,-9.984487555249176305e-01,-9.981837914065029294e-01,-9.979188272880882282e-01,-9.976538631696735271e-01,-9.956541825635167875e-01,-9.931703950305482698e-01,-9.906866074975797520e-01,-9.882028199646112343e-01,-9.857190324316427166e-01,-9.832352448986743099e-01,-9.807514573657057921e-01,-9.782676698327372744e-01,-9.757838822997687567e-01,-9.735220772239036036e-01,-9.713513418740296057e-01,-9.691806065241556079e-01,-9.670098711742814990e-01,-9.648391358244075011e-01,-9.626684004745335033e-01,-9.604976651246593944e-01,-9.583269297747853965e-01,-9.561561944249113987e-01,-9.547346916448727905e-01,-9.537413217618829764e-01,-9.527479518788931623e-01,-9.517545819959033482e-01,-9.507612121129135341e-01,-9.497678422299237200e-01,-9.487744723469339059e-01,-9.477811024639440918e-01,-9.467877325809542777e-01,-9.418161207510287181e-01,-9.337645796718627711e-01,-9.257130385926968241e-01,-9.176614975135307661e-01,-9.096099564343647081e-01,-9.015584153551987612e-01,-8.935068742760327032e-01,-8.854553331968666452e-01,-8.774037921177006982e-01,-8.722456953523213263e-01,-8.700882075049430897e-01,-8.679307196575647421e-01,-8.657732318101863944e-01,-8.636157439628081578e-01,-8.614582561154298102e-01,-8.593007682680514625e-01,-8.571432804206732259e-01,-8.549857925732948782e-01,-8.436121431558066819e-01,-8.194160080755565900e-01,-7.952198729953061651e-01,-7.710237379150560733e-01,-7.468276028348059814e-01,-7.226314677545555565e-01,-6.984353326743055757e-01,-6.742391975940554838e-01,-6.500430625138053919e-01,-6.270856565303405405e-01,-6.064753162039423495e-01,-5.858649758775444916e-01,-5.652546355511465226e-01,-5.446442952247483316e-01,-5.240339548983503626e-01,-5.034236145719525046e-01,-4.828132742455545912e-01,-4.622029339191566777e-01,-4.444178988877411363e-01,-4.341670113096127714e-01,-4.239161237314844621e-01,-4.136652361533559863e-01,-4.034143485752276770e-01,-3.931634609970993122e-01,-3.829125734189710029e-01,-3.726616858408426936e-01,-3.624107982627142177e-01,-3.524099262962845369e-01,-3.434091167766493147e-01,-3.344083072570140369e-01,-3.254074977373788702e-01,-3.164066882177436479e-01,-3.074058786981084812e-01,-2.984050691784733145e-01,-2.894042596588379812e-01,-2.804034501392028700e-01,-2.710328238639246323e-01,-2.591263112642365196e-01,-2.472197986645486290e-01,-2.353132860648607105e-01,-2.234067734651728199e-01,-2.115002608654849292e-01,-1.995937482657968443e-01,-1.876872356661089258e-01,-1.757807230664210352e-01,-1.640365256265524097e-01,-1.551057909568878124e-01,-1.461750562872231873e-01,-1.372443216175585623e-01,-1.283135869478939650e-01,-1.193828522782292012e-01,-1.104521176085645762e-01,-1.015213829388999789e-01,-9.259064826923521507e-02,-8.365991359957060391e-02,-7.446173104104539253e-02,-6.525859574383756356e-02,-5.605546044662974847e-02,-4.685232514942178073e-02,-3.764918985221396563e-02,-2.844605455500614360e-02,-1.924291925779818280e-02,-1.003978396059035383e-02,-8.366486633825387376e-04,9.363619870928572425e-03,1.966360172895001771e-02,2.996358358697162952e-02,4.026356544499307133e-02,5.056354730301451661e-02,6.086352916103612842e-02,7.116351101905757370e-02,8.146349287707901898e-02,9.176347473510046426e-02,1.336858549097583448e-01,1.817952260594113412e-01,2.299045972090628109e-01,2.780139683587158350e-01,3.261233395083688036e-01,3.742327106580202734e-01,4.223420818076732974e-01,4.704514529573263215e-01,5.185608241069777913e-01,5.373413256879570055e-01,5.470438438310131213e-01,5.567463619740689040e-01,5.664488801171250199e-01,5.761513982601806916e-01,5.858539164032368074e-01,5.955564345462929232e-01,6.052589526893487060e-01,6.149614708324048218e-01,6.291025692002829572e-01,6.452293481950558407e-01,6.613561271898287242e-01,6.774829061846010525e-01,6.936096851793739360e-01,7.097364641741469304e-01,7.258632431689192588e-01,7.419900221636921422e-01,7.581168011584650257e-01,7.733521512293822786e-01,7.880369128473306839e-01,8.027216744652785341e-01,8.174064360832268283e-01,8.320911977011752336e-01,8.467759593191230838e-01,8.614607209370714891e-01,8.761454825550193393e-01,8.908302441729677446e-01,8.991575824181721188e-01,9.021870678527563747e-01,9.052165532873407416e-01,9.082460387219251086e-01,9.112755241565094755e-01,9.143050095910938424e-01,9.173344950256782093e-01,9.203639804602624652e-01,9.233934658948468321e-01,9.259043514035888434e-01,9.278367985335066459e-01,9.297692456634244484e-01,9.317016927933422510e-01,9.336341399232600535e-01,9.355665870531778561e-01,9.374990341830956586e-01,9.394314813130135722e-01,9.413639284429313747e-01,9.432071508712479568e-01,9.449165362471627638e-01,9.466259216230775708e-01,9.483353069989923778e-01,9.500446923749071848e-01,9.517540777508219918e-01,9.534634631267367988e-01,9.551728485026516058e-01,9.568822338785664128e-01,9.582686111830299724e-01,9.589910274517323696e-01,9.597134437204348778e-01,9.604358599891373860e-01,9.611582762578398942e-01,9.618806925265424024e-01,9.626031087952447995e-01,9.633255250639473077e-01,9.640479413326498159e-01,9.649792847108908944e-01,9.665224860527806827e-01,9.680656873946704710e-01,9.696088887365601483e-01,9.711520900784499366e-01,9.726952914203396139e-01,9.742384927622294022e-01,9.757816941041191905e-01,9.773248954460088678e-01,9.788220941163531252e-01,9.801122807647423274e-01,9.814024674131315296e-01,9.826926540615207317e-01,9.839828407099099339e-01,9.852730273582991360e-01,9.865632140066884492e-01,9.878534006550775404e-01,9.891435873034668536e-01,9.904097434359132590e-01,9.914796503548276574e-01,9.925495572737419447e-01,9.936194641926563431e-01,9.946893711115706305e-01,9.957592780304850288e-01,9.968291849493993162e-01,9.978990918683137146e-01,9.989689987872280019e-01,1.000000000000000000e+00,1.000000000000000000e+00,1.000000000000000000e+00,1.000000000000000000e+00,1.000000000000000000e+00,1.000000000000000000e+00,1.000000000000000000e+00,1.000000000000000000e+00,1.000000000000000000e+00,1.000000000000000000e+00,1.000000000000000000e+00,1.000000000000000000e+00,1.000000000000000000e+00,1.000000000000000000e+00,1.000000000000000000e+00,1.000000000000000000e+00,1.000000000000000000e+00,1.000000000000000000e+00,1.000000000000000000e+00,1.000000000000000000e+00,1.000000000000000000e+00,1.000000000000000000e+00,1.000000000000000000e+00,1.000000000000000000e+00,1.000000000000000000e+00,1.000000000000000000e+00,1.000000000000000000e+00,1.000000000000000000e+00,1.000000000000000000e+00,1.000000000000000000e+00,1.000000000000000000e+00,1.000000000000000000e+00,1.000000000000000000e+00,1.000000000000000000e+00,1.000000000000000000e+00,1.000000000000000000e+00,1.000000000000000000e+00,9.990449993499567194e-01,9.977639009169717577e-01,9.964828024839869069e-01,9.952017040510019452e-01,9.939206056180170945e-01,9.926395071850321328e-01,9.913584087520472821e-01,9.900773103190623203e-01,9.887962118860774696e-01,9.875772946015077824e-01,9.863886276053562829e-01,9.851999606092047834e-01,9.840112936130533949e-01,9.828226266169018954e-01,9.816339596207505069e-01,9.804452926245988964e-01,9.792566256284475079e-01,9.780679586322961194e-01,9.753341278457057228e-01,9.715701878654896539e-01,9.678062478852735850e-01,9.640423079050572941e-01,9.602783679248413362e-01,9.565144279446252673e-01,9.527504879644089764e-01,9.489865479841929075e-01,9.452226080039768386e-01,9.416488007912817704e-01,9.382454574391231317e-01,9.348421140869643819e-01,9.314387707348055212e-01,9.280354273826468825e-01,9.246320840304882438e-01,9.212287406783296051e-01,9.178253973261706333e-01,9.144220539740119946e-01,9.116348185297427076e-01,9.095869125749403983e-01,9.075390066201382000e-01,9.054911006653360017e-01,9.034431947105336924e-01,9.013952887557314941e-01,8.993473828009294069e-01,8.972994768461270976e-01,8.952515708913248993e-01,8.890125181858629100e-01,8.759877993126659046e-01,8.629630804394680110e-01,8.499383615662710056e-01,8.369136426930740003e-01,8.238889238198761067e-01,8.108642049466791013e-01,7.978394860734820959e-01,7.848147672002843134e-01,7.690086138056214660e-01,7.469851361865056383e-01,7.249616585673884783e-01,7.029381809482727617e-01,6.809147033291569340e-01,6.588912257100397740e-01,6.368677480909240574e-01,6.148442704718083407e-01,5.928207928526911807e-01,5.684731337141614160e-01,5.366165804359869229e-01,5.047600271578125408e-01,4.729034738796360493e-01,4.410469206014616672e-01,4.091903673232872296e-01,3.773338140451107381e-01,3.454772607669363005e-01,3.136207074887619184e-01,2.827244381692525788e-01,2.567362868607101500e-01,2.307481355521676381e-01,2.047599842436234885e-01,1.787718329350810043e-01,1.527836816265385200e-01,1.267955303179960358e-01,1.008073790094518862e-01,7.481922770090940200e-02,5.068067332165035466e-02,4.503808823523156035e-02,3.939550314881313381e-02,3.375291806239470727e-02,2.811033297597591296e-02,2.246774788955748295e-02,1.682516280313905294e-02,1.118257771672026557e-02,5.539992630301832088e-03,-2.806990691671652446e-04,-1.571914787337817462e-02,-3.115759667758818616e-02,-4.659604548179820116e-02,-6.203449428600920496e-02,-7.747294309021922343e-02,-9.291139189442923496e-02,-1.083498406986392465e-01,-1.237882895028502572e-01,-1.392267383070602549e-01,-1.848828913357304093e-01,-2.322823734542766028e-01,-2.796818555728197153e-01,-3.270813376913628279e-01,-3.744808198099089935e-01,-4.218803019284521616e-01,-4.692797840469952186e-01,-5.166792661655413843e-01,-5.640787482840845524e-01,-5.887510135790309240e-01,-6.101088930872028415e-01,-6.314667725953760913e-01,-6.528246521035480088e-01,-6.741825316117199263e-01,-6.955404111198931760e-01,-7.168982906280650935e-01,-7.382561701362370110e-01,-7.596140496444103718e-01,-7.638893297915877456e-01,-7.638939600985169553e-01,-7.638985904054460541e-01,-7.639032207123752638e-01,-7.639078510193044735e-01,-7.639124813262335723e-01,-7.639171116331627820e-01,-7.639217419400918807e-01,-7.639263722470210904e-01,-7.694362024100088737e-01,-7.770104825190183861e-01,-7.845847626280277876e-01,-7.921590427370378551e-01,-7.997333228460473675e-01,-8.073076029550567689e-01,-8.148818830640668365e-01,-8.224561631730763489e-01,-8.300304432820857503e-01,-8.371441541963509092e-01,-8.440147869245002710e-01,-8.508854196526496327e-01,-8.577560523807994386e-01,-8.646266851089488004e-01,-8.714973178370981621e-01,-8.783679505652475239e-01,-8.852385832933973298e-01,-8.921092160215466915e-01,-8.973389426461010343e-01,-9.013892680086967868e-01,-9.054395933712922062e-01,-9.094899187338876256e-01,-9.135402440964833781e-01,-9.175905694590787975e-01,-9.216408948216742170e-01,-9.256912201842698584e-01,-9.297415455468653889e-01,-9.351111707568148246e-01,-9.417529779624276287e-01,-9.483947851680399888e-01,-9.550365923736523488e-01,-9.616783995792651529e-01,-9.683202067848775130e-01,-9.749620139904899840e-01,-9.816038211961023441e-01,-9.882456284017151482e-01,-9.920008645958025006e-01,-9.920276132333366581e-01,-9.920543618708708156e-01,-9.920811105084049730e-01,-9.921078591459391305e-01,-9.921346077834732879e-01,-9.921613564210074454e-01,-9.921881050585417139e-01,-9.922148536960758713e-01,-9.923382747543791904e-01,-9.926308725490285978e-01,-9.929234703436781162e-01,-9.932160681383275236e-01,-9.935086659329769310e-01,-9.938012637276264494e-01,-9.940938615222758568e-01,-9.943864593169252641e-01,-9.946790571115747825e-01,-9.947863489766760603e-01,-9.944419576385038484e-01,-9.940975663003315255e-01,-9.937531749621592025e-01,-9.934087836239869906e-01,-9.930643922858146677e-01,-9.927200009476424558e-01,-9.923756096094701329e-01,-9.920312182712979210e-01,-9.913910668095080592e-01,-9.896911082380887015e-01,-9.879911496666692328e-01,-9.862911910952498751e-01,-9.845912325238304064e-01,-9.828912739524110487e-01,-9.811913153809916910e-01,-9.794913568095722223e-01,-9.777913982381528646e-01,-9.762375334029912421e-01,-9.755419692683441335e-01,-9.748464051336971359e-01,-9.741508409990500272e-01,-9.734552768644029186e-01,-9.727597127297559210e-01,-9.720641485951089233e-01,-9.713685844604618147e-01,-9.706730203258147061e-01,-9.702679154341450340e-01,-9.735661658904374294e-01,-9.768644163467299357e-01,-9.801626668030223311e-01,-9.834609172593146154e-01,-9.867591677156072327e-01,-9.900574181718995170e-01,-9.933556686281919124e-01,-9.966539190844844187e-01,-9.999521695407768140e-01,1.300000000000000044e+00
-1.000000000000000000e+00,-1.000000000000000000e+00,-1.000000000000000000e+00,-1.000000000000000000e+00,-1.000000000000000000e+00,-1.000000000000000000e+00,-1.000000000000000000e+00,-1.000000000000000000e+00,-1.000000000000000000e+00,-1.000000000000000000e+00,-1.000000000000000000e+00,-1.000000000000000000e+00,-1.000000000000000000e+00,-1.000000000000000000e+00,-1.000000000000000000e+00,-1.000000000000000000e+00,-1.000000000000000000e+00,-1.000000000000000000e+00,-1.000000000000000000e+00,-1.000000000000000000e+00,-1.000000000000000000e+00,-1.000000000000000000e+00,-1.000000000000000000e+00,-1.000000000000000000e+00,-9.994318755415565469e-01,-9.987133651970545589e-01,-9.979948548525526819e-01,-9.972763445080506939e-01,-9.965578341635487059e-01,-9.958393238190467178e-01,-9.951208134745447298e-01,-9.944023031300428528e-01,-9.936837927855408648e-01,-9.929652824410388767e-01,-9.922467720965368887e-01,-9.913299009963004726e-01,-9.895452015897258091e-01,-9.877605021831510346e-01,-9.859758027765763710e-01,-9.841911033700017075e-01,-9.824064039634269330e-01,-9.806217045568522694e-01,-9.788370051502776059e-01,-9.770523057437028314e-01,-9.752676063371281678e-01,-9.734829069305535043e-01,-9.716982075239787298e-01,-9.680285912395061310e-01,-9.630018348029470987e-01,-9.579750783663879554e-01,-9.529483219298289232e-01,-9.479215654932698909e-01,-9.428948090567107476e-01,-9.378680526201517154e-01,-9.328412961835925721e-01,-9.278145397470335398e-01,-9.227877833104745076e-01,-9.177610268739153643e-01,-9.127342704373563320e-01,-9.079400579108427571e-01,-9.031513821440921852e-01,-8.983627063773416133e-01,-8.935740306105910413e-01,-8.887853548438404694e-01,-8.839966790770898974e-01,-8.792080033103393255e-01,-8.744193275435887536e-01,-8.696306517768381816e-01,-8.648419760100876097e-01,-8.600533002433370378e-01,-8.542288651134863908e-01,-8.466565860584042147e-01,-8.390843070033220386e-01,-8.315120279482398624e-01,-8.239397488931576863e-01,-8.163674698380755101e-01,-8.087951907829933340e-01,-8.012229117279111579e-01,-7.936506326728289817e-01,-7.860783536177468056e-01,-7.785060745626646295e-01,-7.709337955075823423e-01,-7.611718361448648329e-01,-7.507463372949850777e-01,-7.403208384451053226e-01,-7.298953395952255674e-01,-7.194698407453458122e-01,-7.090443418954660570e-01,-6.986188430455861909e-01,-6.881933441957064357e-01,-6.777678453458266805e-01,-6.673423464959469253e-01,-6.569168476460671702e-01,-6.464243739818179568e-01,-6.355874584150963402e-01,-6.247505428483747236e-01,-6.139136272816528850e-01,-6.030767117149312684e-01,-5.922397961482096518e-01,-5.814028805814880352e-01,-5.705659650147664186e-01,-5.597290494480448020e-01,-5.488921338813231854e-01,-5.380552183146015688e-01,-5.272183027478799522e-01,-5.108415928726139921e-01,-4.900792125030840052e-01,-4.693168321335539628e-01,-4.485544517640239759e-01,-4.277920713944939335e-01,-4.070296910249639466e-01,-3.862673106554339042e-01,-3.655049302859039173e-01,-3.447425499163738749e-01,-3.239801695468438325e-01,-3.032177891773138456e-01,-2.824554088077838587e-01,-2.756543730878053822e-01,-2.695343785702439265e-01,-2.634143840526825264e-01,-2.572943895351210708e-01,-2.511743950175596707e-01,-2.450544004999982428e-01,-2.389344059824368149e-01,-2.328144114648753871e-01,-2.266944169473139592e-01,-2.205744224297525313e-01,-2.144544279121911035e-01,-2.041425822811449853e-01,-1.860059479049275544e-01,-1.678693135287101235e-01,-1.497326791524926926e-01,-1.315960447762752894e-01,-1.134594104000578446e-01,-9.532277602384041371e-02,-7.718614164762299668e-02,-5.904950727140556577e-02,-4.091287289518813486e-02,-2.277623851897070395e-02,-4.639604142753273042e-03,1.598753564806259728e-02,3.747078667514668754e-02,5.895403770223077433e-02,8.043728872931486806e-02,1.019205397563989479e-01,1.234037907834830416e-01,1.448870418105671354e-01,1.663702928376512291e-01,1.878535438647352951e-01,2.093367948918193888e-01,2.308200459189034826e-01,2.529777129163435778e-01,2.792942783976459786e-01,3.056108438789483239e-01,3.319274093602507247e-01,3.582439748415531255e-01,3.845605403228554708e-01,4.108771058041578161e-01,4.371936712854602169e-01,4.635102367667626178e-01,4.898268022480649631e-01,5.161433677293678635e-01,5.424599332106703198e-01,5.667073379567504343e-01,5.891554724982895896e-01,6.116036070398288560e-01,6.340517415813680113e-01,6.564998761229071667e-01,6.789480106644464330e-01,7.013961452059855883e-01,7.238442797475247437e-01,7.462924142890638990e-01,7.687405488306031653e-01,7.911886833721423207e-01,8.136368179136814760e-01,8.241499764640225489e-01,8.337680118150239128e-01,8.433860471660251656e-01,8.530040825170265295e-01,8.626221178680277824e-01,8.722401532190291462e-01,8.818581885700305101e-01,8.914762239210317629e-01,9.010942592720331268e-01,9.107122946230343796e-01,9.203303299740357435e-01,9.276869144113100152e-01,9.303590648130073415e-01,9.330312152147045568e-01,9.357033656164018831e-01,9.383755160180990984e-01,9.410476664197964247e-01,9.437198168214937510e-01,9.463919672231909663e-01,9.490641176248882926e-01,9.517362680265855079e-01,9.544084184282828343e-01,9.570805688299800495e-01,9.589958799538640388e-01,9.606182210347236072e-01,9.622405621155831756e-01,9.638629031964427440e-01,9.654852442773023125e-01,9.671075853581618809e-01,9.687299264390214493e-01,9.703522675198810177e-01,9.719746086007406971e-01,9.735969496816001545e-01,9.752192907624598339e-01,9.767022123168548342e-01,9.771255454701203158e-01,9.775488786233856864e-01,9.779722117766510570e-01,9.783955449299164275e-01,9.788188780831817981e-01,9.792422112364471687e-01,9.796655443897126503e-01,9.800888775429780209e-01,9.805122106962433914e-01,9.809355438495087620e-01,9.813588770027741326e-01,9.820977391499988718e-01,9.831377880641848366e-01,9.841778369783706903e-01,9.852178858925566551e-01,9.862579348067425089e-01,9.872979837209284737e-01,9.883380326351143275e-01,9.893780815493002923e-01,9.904181304634861460e-01,9.914581793776721108e-01,9.924982282918580756e-01,9.935382772060439294e-01,9.940752222841652275e-01,9.945605669688439843e-01,9.950459116535227411e-01,9.955312563382016089e-01,9.960166010228803657e-01,9.965019457075591225e-01,9.969872903922378793e-01,9.974726350769166361e-01,9.979579797615953929e-01,9.984433244462742607e-01,9.989286691309530175e-01,9.992863705551229270e-01,9.993495106088877700e-01,9.994126506626526130e-01,9.994757907164174560e-01,9.995389307701822990e-01,9.996020708239471420e-01,9.996652108777119849e-01,9.997283509314768279e-01,9.997914909852416709e-01,9.998546310390065139e-01,9.999177710927713569e-01,9.999809111465361999e-01,1.000000000000000000e+00,1.000000000000000000e+00,1.000000000000000000e+00,1.000000000000000000e+00,1.000000000000000000e+00,1.000000000000000000e+00,1.000000000000000000e+00,1.000000000000000000e+00,1.000000000000000000e+00,1.000000000000000000e+00,1.000000000000000000e+00,1.000000000000000000e+00,1.000000000000000000e+00,1.000000000000000000e+00,1.000000000000000000e+00,1.000000000000000000e+00,1.000000000000000000e+00,1.000000000000000000e+00,1.000000000000000000e+00,1.000000000000000000e+00,1.000000000000000000e+00,1.000000000000000000e+00,1.000000000000000000e+00,9.986920353915466064e-01,9.960138221456659169e-01,9.933356088997851163e-01,9.906573956539044268e-01,9.879791824080236262e-01,9.853009691621429367e-01,9.826227559162621361e-01,9.799445426703814466e-01,9.772663294245006460e-01,9.745881161786199565e-01,9.719099029327391559e-01,9.692316896868584664e-01,9.664777478529116284e-01,9.637138417310614491e-01,9.609499356092111588e-01,9.581860294873609796e-01,9.554221233655106893e-01,9.526582172436603990e-01,9.498943111218101087e-01,9.471304049999599295e-01,9.443664988781096392e-01,9.416025927562594600e-01,9.388386866344091697e-01,9.360129101369161209e-01,9.330273018356787240e-01,9.300416935344414382e-01,9.270560852332040414e-01,9.240704769319668666e-01,9.210848686307294697e-01,9.180992603294921839e-01,9.151136520282548981e-01,9.121280437270176122e-01,9.091424354257802154e-01,9.061568271245429296e-01,9.031712188233056438e-01,9.017181813564555393e-01,9.010050056717232581e-01,9.002918299869910879e-01,8.995786543022588067e-01,8.988654786175266365e-01,8.981523029327943553e-01,8.974391272480621851e-01,8.967259515633299038e-01,8.960127758785977337e-01,8.952996001938654524e-01,8.945864245091332823e-01,8.934147230120893513e-01,8.861293440175564973e-01,8.788439650230239764e-01,8.715585860284911224e-01,8.642732070339586015e-01,8.569878280394257475e-01,8.497024490448932266e-01,8.424170700503603726e-01,8.351316910558278517e-01,8.278463120612949977e-01,8.205609330667624768e-01,8.132755540722296228e-01,8.052149741255161253e-01,7.962629130837939329e-01,7.873108520420721845e-01,7.783587910003499921e-01,7.694067299586282438e-01,7.604546689169061624e-01,7.515026078751843031e-01,7.425505468334622217e-01,7.335984857917404733e-01,7.246464247500182809e-01,7.156943637082965326e-01,7.067423026665744512e-01,6.898869604895845331e-01,6.717500051555236329e-01,6.536130498214635098e-01,6.354760944874026096e-01,6.173391391533424866e-01,5.992021838192815864e-01,5.810652284852213523e-01,5.629282731511604521e-01,5.447913178171003290e-01,5.266543624830394288e-01,5.085174071489793057e-01,4.867319006718053287e-01,4.543324272328500002e-01,4.219329537938933949e-01,3.895334803549380664e-01,3.571340069159814057e-01,3.247345334770260772e-01,2.923350600380694164e-01,2.599355865991140879e-01,2.275361131601574272e-01,1.951366397212020987e-01,1.627371662822454934e-01,1.303376928432901649e-01,1.090539414818835900e-01,9.372504123344925497e-02,7.839614098501491990e-02,6.306724073658059870e-02,4.773834048814752651e-02,3.240944023971319143e-02,1.708053999127885636e-02,1.751639742844535164e-03,-1.357726050558853703e-02,-2.890616075402287211e-02,-4.423506100245720718e-02,-6.108968750632412514e-02,-1.092217022465364062e-01,-1.573537169867446905e-01,-2.054857317269569716e-01,-2.536177464671692805e-01,-3.017497612073815061e-01,-3.498817759475898459e-01,-3.980137906878021270e-01,-4.461458054280144081e-01,-4.942778201682266892e-01,-5.424098349084349735e-01,-5.905418496486471991e-01,-6.208216818187406449e-01,-6.285513886371068004e-01,-6.362810954554724008e-01,-6.440108022738386673e-01,-6.517405090922048227e-01,-6.594702159105709782e-01,-6.671999227289365786e-01,-6.749296295473028451e-01,-6.826593363656690006e-01,-6.903890431840351560e-01,-6.981187500024007564e-01,-7.058484568207670229e-01,-7.166974450978171873e-01,-7.281529603251670757e-01,-7.396084755525160759e-01,-7.510639907798658532e-01,-7.625195060072157416e-01,-7.739750212345656299e-01,-7.854305364619145191e-01,-7.968860516892644075e-01,-8.083415669166142958e-01,-8.197970821439641842e-01,-8.312525973713130734e-01,-8.415872909492595477e-01,-8.482232730841748891e-01,-8.548592552190901195e-01,-8.614952373540049058e-01,-8.681312194889202472e-01,-8.747672016238354775e-01,-8.814031837587508189e-01,-8.880391658936654942e-01,-8.946751480285808356e-01,-9.013111301634961769e-01,-9.079471122984114073e-01,-9.145830944333261936e-01,-9.177992555201460734e-01,-9.189888559858722106e-01,-9.201784564515983478e-01,-9.213680569173244850e-01,-9.225576573830506222e-01,-9.237472578487767594e-01,-9.249368583145028966e-01,-9.261264587802289228e-01,-9.273160592459551710e-01,-9.285056597116813082e-01,-9.296952601774074454e-01,-9.309335779313745451e-01,-9.342180217914659579e-01,-9.375024656515573707e-01,-9.407869095116487834e-01,-9.440713533717399741e-01,-9.473557972318313869e-01,-9.506402410919227997e-01,-9.539246849520142124e-01,-9.572091288121056252e-01,-9.604935726721968159e-01,-9.637780165322882286e-01,-9.670624603923796414e-01,-9.690080406146063252e-01,-9.690940880064654595e-01,-9.691801353983245937e-01,-9.692661827901837279e-01,-9.693522301820429732e-01,-9.694382775739021074e-01,-9.695243249657612417e-01,-9.696103723576203759e-01,-9.696964197494795101e-01,-9.697824671413387554e-01,-9.698685145331978896e-01,-9.699545619250570239e-01,-9.712945426647698888e-01,-9.729211367411348954e-01,-9.745477308175000131e-01,-9.761743248938651307e-01,-9.778009189702302484e-01,-9.794275130465951440e-01,-9.810541071229602617e-01,-9.826807011993253793e-01,-9.843072952756904970e-01,-9.859338893520555036e-01,-9.875604834284206213e-01,-9.890337424541640887e-01,-9.899277357331152105e-01,-9.908217290120662213e-01,-9.917157222910173431e-01,-9.926097155699683539e-01,-9.935037088489194756e-01,-9.943977021278704864e-01,-9.952916954068216082e-01,-9.961856886857726190e-01,-9.970796819647237408e-01,-9.979736752436747516e-01,-9.988676685226258734e-01,-9.987897592469389130e-01,-9.980763752239887321e-01,-9.973629912010385512e-01,-9.966496071780882593e-01,-9.959362231551380784e-01,-9.952228391321877865e-01,-9.945094551092376056e-01,-9.937960710862874247e-01,-9.930826870633371328e-01,-9.923693030403868409e-01,-9.916559190174367711e-01,-9.909425349944864791e-01,1.100000000000000089e+00
-9.711816656430263262e-01,-9.469385268334452599e-01,-9.226953880238643046e-01,-8.984522492142832384e-01,-8.742091104047022831e-01,-8.499659715951212169e-01,-8.257228327855401506e-01,-8.014796939759591954e-01,-7.772365551663781291e-01,-7.529934163567970629e-01,-7.287502775472161076e-01,-7.082881606989398504e-01,-7.088917376350760691e-01,-7.094953145712121767e-01,-7.100988915073483954e-01,-7.107024684434845030e-01,-7.113060453796207216e-01,-7.119096223157569403e-01,-7.125131992518930479e-01,-7.131167761880292666e-01,-7.137203531241653742e-01,-7.143239300603015929e-01,-7.145502203701676880e-01,-7.139141412485591198e-01,-7.132780621269506627e-01,-7.126419830053420945e-01,-7.120059038837336374e-01,-7.113698247621250692e-01,-7.107337456405166121e-01,-7.100976665189081549e-01,-7.094615873972995868e-01,-7.088255082756911296e-01,-7.081894291540825614e-01,-7.007108301222453317e-01,-6.850863740544212988e-01,-6.694619179865973768e-01,-6.538374619187734549e-01,-6.382130058509495329e-01,-6.225885497831256110e-01,-6.069640937153015781e-01,-5.913396376474776561e-01,-5.757151815796537342e-01,-5.600907255118298123e-01,-5.444662694440058903e-01,-5.229821470592794785e-01,-4.977310963279730216e-01,-4.724800455966664536e-01,-4.472289948653597191e-01,-4.219779441340532067e-01,-3.967268934027466942e-01,-3.714758426714401818e-01,-3.462247919401336693e-01,-3.209737412088271569e-01,-2.957226904775206444e-01,-2.704716397462139099e-01,-2.745683917241719674e-01,-2.878887388393274183e-01,-3.012090859544828692e-01,-3.145294330696383200e-01,-3.278497801847938264e-01,-3.411701272999492773e-01,-3.544904744151048392e-01,-3.678108215302603456e-01,-3.811311686454157965e-01,-3.944515157605712474e-01,-4.077718628757266983e-01,-4.000817047021893447e-01,-3.903905460249668669e-01,-3.806993873477442780e-01,-3.710082286705218002e-01,-3.613170699932992669e-01,-3.516259113160767891e-01,-3.419347526388543113e-01,-3.322435939616317779e-01,-3.225524352844093001e-01,-3.128612766071867113e-01,-3.032798753150102167e-01,-2.952716632084935178e-01,-2.872634511019768189e-01,-2.792552389954601200e-01,-2.712470268889434766e-01,-2.632388147824267777e-01,-2.552306026759099677e-01,-2.472223905693932966e-01,-2.392141784628766255e-01,-2.312059663563599266e-01,-2.231977542498432276e-01,-2.125831540547552245e-01,-1.925855567408111813e-01,-1.725879594268667494e-01,-1.525903621129227061e-01,-1.325927647989783020e-01,-1.125951674850342588e-01,-9.259757017108982691e-02,-7.259997285714542281e-02,-5.260237554320137954e-02,-3.260477822925694769e-02,-1.260718091531290441e-02,0.000000000000000000e+00,0.000000000000000000e+00,0.000000000000000000e+00,0.000000000000000000e+00,0.000000000000000000e+00,0.000000000000000000e+00,0.000000000000000000e+00,0.000000000000000000e+00,0.000000000000000000e+00,0.000000000000000000e+00,0.000000000000000000e+00,0.000000000000000000e+00,0.000000000000000000e+00,0.000000000000000000e+00,0.000000000000000000e+00,0.000000000000000000e+00,0.000000000000000000e+00,0.000000000000000000e+00,0.000000000000000000e+00,0.000000000000000000e+00,0.000000000000000000e+00,0.000000000000000000e+00,0.000000000000000000e+00,0.000000000000000000e+00,0.000000000000000000e+00,0.000000000000000000e+00,0.000000000000000000e+00,0.000000000000000000e+00,0.000000000000000000e+00,0.000000000000000000e+00,0.000000000000000000e+00,0.000000000000000000e+00,0.000000000000000000e+00,1.095400443987922488e-02,2.421411507762763829e-02,3.747422571537630670e-02,5.073433635312472184e-02,6.399444699087339372e-02,7.725455762862205866e-02,9.051466826637047380e-02,1.037747789041191526e-01,1.170348895418675678e-01,1.302950001796162327e-01,1.435551108173646340e-01,1.527219645918017343e-01,1.617978571026096046e-01,1.708737496134173084e-01,1.799496421242251787e-01,1.890255346350328824e-01,1.981014271458407527e-01,2.071773196566484565e-01,2.162532121674563546e-01,2.253291046782642248e-01,2.344049971890719286e-01,2.436208617267702492e-01,2.537698731104047756e-01,2.639188844940394407e-01,2.740678958776739949e-01,2.842169072613087155e-01,2.943659186449434362e-01,3.045149300285779348e-01,3.146639414122126555e-01,3.248129527958471541e-01,3.349619641794818747e-01,3.451109755631163734e-01,3.563348638032739490e-01,3.702872856022974002e-01,3.842397074013206293e-01,3.981921292003440804e-01,4.121445509993672540e-01,4.260969727983907607e-01,4.400493945974139343e-01,4.540018163964373854e-01,4.679542381954608365e-01,4.819066599944840101e-01,4.958590817935074613e-01,5.094940202712318067e-01,5.227162304312669150e-01,5.359384405913021343e-01,5.491606507513372426e-01,5.623828609113730170e-01,5.756050710714081253e-01,5.888272812314432336e-01,6.020494913914788970e-01,6.152717015515141163e-01,6.284939117115493357e-01,6.417161218715844440e-01,6.499078239819784386e-01,6.545595389463280123e-01,6.592112539106774749e-01,6.638629688750271596e-01,6.685146838393766222e-01,6.731663988037261959e-01,6.778181137680756585e-01,6.824698287324253432e-01,6.871215436967748058e-01,6.917732586611242684e-01,6.964249736254739531e-01,7.105378875908179293e-01,7.279900482623951063e-01,7.454422089339722834e-01,7.628943696055502377e-01,7.803465302771274148e-01,7.977986909487045919e-01,8.152508516202825462e-01,8.327030122918597232e-01,8.501551729634369003e-01,8.676073336350141885e-01,8.850594943065920317e-01,8.955531188536416387e-01,9.051981414342853416e-01,9.148431640149293775e-01,9.244881865955730804e-01,9.341332091762168943e-01,9.437782317568605972e-01,9.534232543375046331e-01,9.630682769181483360e-01,9.727132994987921499e-01,9.823583220794361859e-01,9.916177273317761109e-01,9.923935513614305926e-01,9.931693753910850742e-01,9.939451994207396668e-01,9.947210234503941484e-01,9.954968474800487410e-01,9.962726715097032226e-01,9.970484955393578153e-01,9.978243195690122969e-01,9.986001435986667785e-01,9.993759676283213711e-01,9.999518233838677883e-01,9.997055873458586817e-01,9.994593513078494640e-01,9.992131152698403573e-01,9.989668792318312507e-01,9.987206431938221440e-01,9.984744071558130374e-01,9.982281711178038197e-01,9.979819350797947131e-01,9.977356990417856064e-01,9.974894630037764998e-01,9.940204705104077609e-01,9.845088096632392816e-01,9.749971488160705801e-01,9.654854879689022118e-01,9.559738271217338434e-01,9.464621662745650310e-01,9.369505054273966627e-01,9.274388445802282943e-01,9.179271837330598149e-01,9.084155228858911135e-01,8.989038620387227452e-01,8.915699955827993683e-01,8.864139235181210941e-01,8.812578514534429308e-01,8.761017793887648786e-01,8.709457073240867153e-01,8.657896352594084410e-01,8.606335631947303888e-01,8.554774911300522255e-01,8.503214190653739513e-01,8.451653470006958990e-01,8.400092749360177358e-01,8.426547356719572557e-01,8.494610139015600359e-01,8.562672921311627050e-01,8.630735703607652631e-01,8.698798485903681543e-01,8.766861268199707125e-01,8.834924050495733816e-01,8.902986832791759397e-01,8.971049615087788309e-01,9.039112397383813891e-01,9.107175179679840582e-01,9.068255736896967401e-01,9.003313590716522929e-01,8.938371444536078458e-01,8.873429298355633987e-01,8.808487152175186186e-01,8.743545005994741715e-01,8.678602859814297243e-01,8.613660713633850552e-01,8.548718567453406081e-01,8.483776421272961610e-01,8.418834275092517139e-01,8.333204294776234144e-01,8.246633958362871164e-01,8.160063621949507073e-01,8.073493285536140762e-01,7.986922949122777782e-01,7.900352612709413691e-01,7.813782276296050711e-01,7.727211939882684399e-01,7.640641603469320309e-01,7.554071267055957328e-01,7.459707522313668848e-01,7.301437829274222135e-01,7.143168136234775423e-01,6.984898443195329820e-01,6.826628750155877556e-01,6.668359057116430844e-01,6.510089364076984131e-01,6.351819671037531867e-01,6.193549977998085154e-01,6.035280284958639552e-01,5.877010591919192839e-01,5.720463302586821230e-01,5.568796157091184806e-01,5.417129011595547272e-01,5.265461866099905297e-01,5.113794720604267763e-01,4.962127575108631339e-01,4.810460429612994360e-01,4.658793284117351829e-01,4.507126138621715405e-01,4.355458993126077871e-01,4.203791847630435896e-01,4.054755118971410388e-01,3.909456351080202174e-01,3.764157583188993961e-01,3.618858815297780196e-01,3.473560047406571982e-01,3.328261279515363213e-01,3.182962511624149449e-01,3.037663743732941235e-01,2.892364975841733021e-01,2.747066207950524808e-01,2.601767440059311043e-01,2.485723342436412797e-01,2.392182837327599954e-01,2.298642332218783779e-01,2.205101827109970936e-01,2.111561322001158369e-01,2.018020816892345803e-01,1.924480311783529352e-01,1.830939806674716785e-01,1.737399301565903942e-01,1.643858796457087768e-01,1.550318291348274924e-01,1.522993722726623811e-01,1.521754219993856072e-01,1.520514717261088333e-01,1.519275214528320594e-01,1.518035711795552578e-01,1.516796209062784839e-01,1.515556706330017100e-01,1.514317203597249362e-01,1.513077700864481623e-01,1.511838198131713884e-01,1.510598695398946145e-01,1.441188845585467393e-01,1.361553443709886957e-01,1.281918041834300692e-01,1.202282639958714150e-01,1.122647238083133714e-01,1.043011836207547172e-01,9.633764343319668744e-02,8.837410324563803321e-02,8.041056305807939286e-02,7.244702287052134926e-02,6.452703077087708350e-02,5.856670262738226940e-02,5.260637448388790632e-02,4.664604634039308528e-02,4.068571819689825730e-02,3.472539005340390117e-02,2.876506190990907319e-02,2.280473376641425215e-02,1.684440562291988908e-02,1.088407747942506804e-02,4.923749335930704962e-03,0.000000000000000000e+00,0.000000000000000000e+00,0.000000000000000000e+00,0.000000000000000000e+00,0.000000000000000000e+00,0.000000000000000000e+00,0.000000000000000000e+00,0.000000000000000000e+00,0.000000000000000000e+00,0.000000000000000000e+00,0.000000000000000000e+00,-4.820479478292258139e-03,-1.960328321172382510e-02,-3.438608694515424974e-02,-4.916889067858581930e-02,-6.395169441201738192e-02,-7.873449814544780656e-02,-9.351730187887938306e-02,-1.083001056123109457e-01,-1.230829093457413703e-01,-1.378657130791729468e-01,-1.526485168126044956e-01,-1.687988276393313503e-01,-1.864409643860193699e-01,-2.040831011327073896e-01,-2.217252378793940493e-01,-2.393673746260820689e-01,-2.570095113727687286e-01,-2.746516481194567483e-01,-2.922937848661447680e-01,-3.099359216128314554e-01,-3.275780583595194750e-01,-3.452201951062074947e-01,-3.546134229817105021e-01,-3.591710835878990649e-01,-3.637287441940876276e-01,-3.682864048002758572e-01,-3.728440654064644200e-01,-3.774017260126529827e-01,-3.819593866188411568e-01,-3.865170472250297196e-01,-3.910747078312179492e-01,-3.956323684374065119e-01,-4.001900290435950747e-01,-4.142966425800445052e-01,-4.310557430415680180e-01,-4.478148435030915309e-01,-4.645739439646137670e-01,-4.813330444261372798e-01,-4.980921448876608482e-01,-5.148512453491830287e-01,-5.316103458107065416e-01,-5.483694462722300544e-01,-5.651285467337523460e-01,-5.818876471952758589e-01,-5.985302004413881605e-01,-6.151646224864265600e-01,-6.317990445314650705e-01,-6.484334665765022487e-01,-6.650678886215407593e-01,-6.817023106665791587e-01,-6.983367327116163370e-01,-7.149711547566548475e-01,-7.316055768016933580e-01,-7.482399988467305363e-01,-7.634316181561767722e-01,-7.634738087419018493e-01,-7.635159993276269264e-01,-7.635581899133520034e-01,-7.636003804990770805e-01,-7.636425710848021575e-01,-7.636847616705272346e-01,-7.637269522562523116e-01,-7.637691428419773887e-01,-7.638113334277024657e-01,-7.638535240134275428e-01,-7.686347155649605467e-01,-7.884945465531572051e-01,-8.083543775413524202e-01,-8.282142085295491896e-01,-8.480740395177458479e-01,-8.679338705059410630e-01,-8.877937014941377214e-01,-9.076535324823329365e-01,-9.275133634705297059e-01,-9.473731944587264753e-01,-9.672330254469215793e-01,-9.797878736451099968e-01,-9.809794152810614731e-01,-9.821709569170128384e-01,-9.833624985529643148e-01,-9.845540401889156801e-01,-9.857455818248670454e-01,-9.869371234608185217e-01,-9.881286650967699980e-01,-9.893202067327213634e-01,-9.905117483686728397e-01,-9.917032900046242050e-01,-9.926356687594792838e-01,-9.933503506942134020e-01,-9.940650326289474092e-01,-9.947797145636815275e-01,-9.954943964984156457e-01,-9.962090784331496529e-01,-9.969237603678837711e-01,-9.976384423026178894e-01,-9.983531242373518966e-01,-9.990678061720860148e-01,-9.997824881068200220e-01,-1.000000000000000000e+00,-1.000000000000000000e+00,-1.000000000000000000e+00,-1.000000000000000000e+00,-1.000000000000000000e+00,-1.000000000000000000e+00,-1.000000000000000000e+00,-1.000000000000000000e+00,-1.000000000000000000e+00,-1.000000000000000000e+00,-1.000000000000000000e+00,-9.964588329958322666e-01,-9.922820719139929801e-01,-9.881053108321536937e-01,-9.839285497503148514e-01,-9.797517886684755650e-01,-9.755750275866366117e-01,-9.713982665047974363e-01,-9.672215054229581499e-01,-9.630447443411191966e-01,-9.588679832592800212e-01,-9.546912221774407348e-01,1.100000000000000089e+00
-4.874865458760437864e-01,-4.708442835161545381e-01,-4.542020211562652343e-01,-4.375597587963759860e-01,-4.209174964364866822e-01,-4.042752340765974339e-01,-3.876329717167081856e-01,-3.709907093568188818e-01,-3.543484469969296335e-01,-3.377061846370403853e-01,-3.210578166576171788e-01,-3.041102733210331865e-01,-2.871627299844491388e-01,-2.702151866478651465e-01,-2.532676433112810988e-01,-2.363200999746971065e-01,-2.193725566381130587e-01,-2.024250133015290110e-01,-1.854774699649450465e-01,-1.685299266283609987e-01,-1.523787314247702085e-01,-1.553398914130164343e-01,-1.583010514012626324e-01,-1.612622113895088305e-01,-1.642233713777550563e-01,-1.671845313660012544e-01,-1.701456913542474525e-01,-1.731068513424936783e-01,-1.760680113307398764e-01,-1.790291713189861023e-01,-1.813321264358875029e-01,-1.733232052350534014e-01,-1.653142840342193276e-01,-1.573053628333852538e-01,-1.492964416325511801e-01,-1.412875204317171063e-01,-1.332785992308830325e-01,-1.252696780300489587e-01,-1.172607568292148711e-01,-1.092518356283808112e-01,-1.019056727059636930e-01,-1.021812299853414596e-01,-1.024567872647192263e-01,-1.027323445440969929e-01,-1.030079018234747595e-01,-1.032834591028525262e-01,-1.035590163822302928e-01,-1.038345736616080733e-01,-1.041101309409858400e-01,-1.043856882203636066e-01,-1.038763021201799808e-01,-9.630242560394393359e-02,-8.872854908770794191e-02,-8.115467257147189473e-02,-7.358079605523583366e-02,-6.600691953899985587e-02,-5.843304302276380174e-02,-5.085916650652774762e-02,-4.328528999029176288e-02,-3.571141347405570876e-02,-2.958738487129406944e-02,-3.409557430067780559e-02,-3.860376373006154521e-02,-4.311195315944524320e-02,-4.762014258882898282e-02,-5.212833201821272244e-02,-5.663652144759641349e-02,-6.114471087698016005e-02,-6.565290030636389274e-02,-7.016108973574758378e-02,-7.299952156582893703e-02,-6.558087100019595328e-02,-5.816222043456290708e-02,-5.074356986892986088e-02,-4.332491930329687713e-02,-3.590626873766382399e-02,-2.848761817203077779e-02,-2.106896760639779403e-02,-1.365031704076474783e-02,-6.231666475131694694e-03,0.000000000000000000e+00,0.000000000000000000e+00,0.000000000000000000e+00,0.000000000000000000e+00,0.000000000000000000e+00,0.000000000000000000e+00,0.000000000000000000e+00,0.000000000000000000e+00,0.000000000000000000e+00,0.000000000000000000e+00,0.000000000000000000e+00,0.000000000000000000e+00,0.000000000000000000e+00,0.000000000000000000e+00,0.000000000000000000e+00,0.000000000000000000e+00,0.000000000000000000e+00,0.000000000000000000e+00,0.000000000000000000e+00,0.000000000000000000e+00,4.049930435428276965e-03,2.429958261256930444e-02,4.454923478971069273e-02,6.479888696685172367e-02,8.504853914399274073e-02,1.052981913211341325e-01,1.255478434982751634e-01,1.457974956754161944e-01,1.660471478525575584e-01,1.862968000296985893e-01,2.095627460437433920e-01,2.435228247522657763e-01,2.774829034607875222e-01,3.114429821693093237e-01,3.454030608778316802e-01,3.793631395863534816e-01,4.133232182948752831e-01,4.472832970033970290e-01,4.812433757119194411e-01,5.152034544204411315e-01,5.450073507186202759e-01,5.616500027173809695e-01,5.782926547161413300e-01,5.949353067149018015e-01,6.115779587136624951e-01,6.282206107124228556e-01,6.448632627111832161e-01,6.615059147099439096e-01,6.781485667087042701e-01,6.947912187074647417e-01,7.137637071188364102e-01,7.393672683968695036e-01,7.649708296749025971e-01,7.905743909529361346e-01,8.161779522309692281e-01,8.417815135090023215e-01,8.673850747870359701e-01,8.929886360650690635e-01,9.185921973431021570e-01,9.441957586211356945e-01,9.631009155941652189e-01,9.647816043543292475e-01,9.664622931144932760e-01,9.681429818746574156e-01,9.698236706348214442e-01,9.715043593949854728e-01,9.731850481551495013e-01,9.748657369153135299e-01,9.765464256754775585e-01,9.782271144356415871e-01,9.794698714943328444e-01,9.796907879162540800e-01,9.799117043381753156e-01,9.801326207600965512e-01,9.803535371820177868e-01,9.805744536039390225e-01,9.807953700258602581e-01,9.810162864477814937e-01,9.812372028697027293e-01,9.814581192916239649e-01,9.821980549247899539e-01,9.840409063818509328e-01,9.858837578389121337e-01,9.877266092959732235e-01,9.895694607530342024e-01,9.914123122100952923e-01,9.932551636671564932e-01,9.950980151242174720e-01,9.969408665812785619e-01,9.987837180383397628e-01,9.999276420263104592e-01,9.997148244566352870e-01,9.995020068869602259e-01,9.992891893172850537e-01,9.990763717476098815e-01,9.988635541779348204e-01,9.986507366082596482e-01,9.984379190385844760e-01,9.982251014689094148e-01,9.980122838992342427e-01,9.941353535737255109e-01,9.837444450156244136e-01,9.733535364575228721e-01,9.629626278994213306e-01,9.525717193413202333e-01,9.421808107832186918e-01,9.317899022251171504e-01,9.213989936670159420e-01,9.110080851089144005e-01,9.006171765508129701e-01,8.950190333887885208e-01,8.972406653466790116e-01,8.994622973045696135e-01,9.016839292624599933e-01,9.039055612203504841e-01,9.061271931782409750e-01,9.083488251361313548e-01,9.105704570940218456e-01,9.127920890519124475e-01,9.150137210098028273e-01,9.164847512190585910e-01,9.168298788053622639e-01,9.171750063916659368e-01,9.175201339779696097e-01,9.178652615642732826e-01,9.182103891505769555e-01,9.185555167368807394e-01,9.189006443231844123e-01,9.192457719094880852e-01,9.195908994957917582e-01,9.178461623328565411e-01,9.132154214685918037e-01,9.085846806043269552e-01,9.039539397400621068e-01,8.993231988757973694e-01,8.946924580115325210e-01,8.900617171472676725e-01,8.854309762830029351e-01,8.808002354187380867e-01,8.761694945544732382e-01,8.672574979704975595e-01,8.528966304705259960e-01,8.385357629705543214e-01,8.241748954705832020e-01,8.098140279706115274e-01,7.954531604706398529e-01,7.810922929706687334e-01,7.667314254706970589e-01,7.523705579707254953e-01,7.380096904707542649e-01,7.206031917477316862e-01,6.996213868063456687e-01,6.786395818649589851e-01,6.576577769235723014e-01,6.366759719821862840e-01,6.156941670407994893e-01,5.947123620994128057e-01,5.737305571580267882e-01,5.527487522166401046e-01,5.317669472752533100e-01,5.107472992449257898e-01,4.896866545349106703e-01,4.686260098248956063e-01,4.475653651148813195e-01,4.265047204048662555e-01,4.054440756948511915e-01,3.843834309848368491e-01,3.633227862748217851e-01,3.422621415648067211e-01,3.212014968547923788e-01,3.091341464352350688e-01,3.060600903061355682e-01,3.029860341770360677e-01,2.999119780479365116e-01,2.968379219188369555e-01,2.937638657897375105e-01,2.906898096606379545e-01,2.876157535315383984e-01,2.845416974024389534e-01,2.814676412733393973e-01,2.771604190679657354e-01,2.717148897152622533e-01,2.662693603625586602e-01,2.608238310098550117e-01,2.553783016571515851e-01,2.499327723044479643e-01,2.444872429517443158e-01,2.390417135990408892e-01,2.335961842463372684e-01,2.281506548936336198e-01,2.222956168197695315e-01,2.160917379834350616e-01,2.098878591471006194e-01,2.036839803107663438e-01,1.974801014744319017e-01,1.912762226380974040e-01,1.850723438017631839e-01,1.788684649654286862e-01,1.726645861290942441e-01,1.664607072927599685e-01,1.584911670086683877e-01,1.491343213013391067e-01,1.397774755940101588e-01,1.304206298866808778e-01,1.210637841793519298e-01,1.117069384720226488e-01,1.023500927646933678e-01,9.299324705736440599e-02,8.363640135003512499e-02,7.427955564270584399e-02,6.626122206301615636e-02,5.921215588609946706e-02,5.216308970918277776e-02,4.511402353226633133e-02,3.806495735534964203e-02,3.101589117843294580e-02,2.396682500151650630e-02,1.691775882459981006e-02,9.868692647683120767e-03,2.819626470766681270e-03,-1.371497274811327508e-02,-3.657326066163540251e-02,-5.943154857515671463e-02,-8.228983648867883860e-02,-1.051481244022009764e-01,-1.280064123157222955e-01,-1.508647002292444195e-01,-1.737229881427665434e-01,-1.965812760562878625e-01,-2.194395639698099865e-01,-2.341529920472020243e-01,-2.438744092572884825e-01,-2.535958264673752738e-01,-2.633172436774620651e-01,-2.730386608875485233e-01,-2.827600780976353145e-01,-2.924814953077221058e-01,-3.022029125178085640e-01,-3.119243297278954108e-01,-3.216457469379822021e-01,-3.289898623830818658e-01,-3.349967455853760656e-01,-3.410036287876706540e-01,-3.470105119899652979e-01,-3.530173951922598863e-01,-3.590242783945545302e-01,-3.650311615968491186e-01,-3.710380447991433184e-01,-3.770449280014379623e-01,-3.830518112037325507e-01,-3.863698618147039521e-01,-3.883027562422664003e-01,-3.902356506698289040e-01,-3.921685450973912412e-01,-3.941014395249536895e-01,-3.960343339525161932e-01,-3.979672283800786414e-01,-3.999001228076410897e-01,-4.018330172352035934e-01,-4.037659116627659306e-01,-4.185471968313436708e-01,-4.393747835251055056e-01,-4.602023702188673404e-01,-4.810299569126291197e-01,-5.018575436063908990e-01,-5.226851303001512905e-01,-5.435127169939131253e-01,-5.643403036876748491e-01,-5.851678903814367949e-01,-6.059954770751985187e-01,-6.201832285024038161e-01,-6.315253362439415818e-01,-6.428674439854802358e-01,-6.542095517270188898e-01,-6.655516594685575438e-01,-6.768937672100960867e-01,-6.882358749516347407e-01,-6.995779826931726175e-01,-7.109200904347112715e-01,-7.222621981762498145e-01,-7.280871731548181902e-01,-7.317665965033425257e-01,-7.354460198518667502e-01,-7.391254432003910857e-01,-7.428048665489155322e-01,-7.464842898974399787e-01,-7.501637132459644253e-01,-7.538431365944887608e-01,-7.575225599430129853e-01,-7.612019832915373208e-01,-7.719970256886808935e-01,-7.852921504542581532e-01,-7.985872752198355240e-01,-8.118823999854127837e-01,-8.251775247509891553e-01,-8.384726495165665261e-01,-8.517677742821437858e-01,-8.650628990477211566e-01,-8.783580238132984164e-01,-8.916531485788757871e-01,-9.019120369029439699e-01,-9.112121137191682152e-01,-9.205121905353924605e-01,-9.298122673516167058e-01,-9.391123441678409511e-01,-9.484124209840651964e-01,-9.577124978002887756e-01,-9.670125746165130209e-01,-9.763126514327372663e-01,-9.856127282489615116e-01,-9.886232921208900626e-01,-9.898598908034019761e-01,-9.910964894859138896e-01,-9.923330881684259142e-01,-9.935696868509378277e-01,-9.948062855334498522e-01,-9.960428842159617657e-01,-9.972794828984737903e-01,-9.985160815809855928e-01,-9.997526802634976173e-01,-1.000000000000000000e+00,-1.000000000000000000e+00,-1.000000000000000000e+00,-1.000000000000000000e+00,-1.000000000000000000e+00,-1.000000000000000000e+00,-1.000000000000000000e+00,-1.000000000000000000e+00,-1.000000000000000000e+00,-1.000000000000000000e+00,-1.000000000000000000e+00,-1.000000000000000000e+00,-1.000000000000000000e+00,-1.000000000000000000e+00,-1.000000000000000000e+00,-1.000000000000000000e+00,-1.000000000000000000e+00,-1.000000000000000000e+00,-1.000000000000000000e+00,-1.000000000000000000e+00,-9.978081060507354438e-01,-9.951987084920874693e-01,-9.925893109334392728e-01,-9.899799133747909652e-01,-9.873705158161427686e-01,-9.847611182574945721e-01,-9.821517206988463755e-01,-9.795423231401984010e-01,-9.769329255815502044e-01,-9.743235280229020079e-01,-9.728153830608974317e-01,-9.714865117774162950e-01,-9.701576404939351583e-01,-9.688287692104541327e-01,-9.674998979269729960e-01,-9.661710266434918593e-01,-9.648421553600107226e-01,-9.635132840765295859e-01,-9.621844127930484492e-01,-9.608555415095673125e-01,-9.572209880798578929e-01,-9.532720234483901267e-01,-9.493230588169222495e-01,-9.453740941854543722e-01,-9.414251295539864950e-01,-9.374761649225189508e-01,-9.335272002910510736e-01,-9.295782356595831963e-01,-9.256292710281153191e-01,-9.216803063966474419e-01,-9.133279063294461597e-01,-9.044862356582752394e-01,-8.956445649871037640e-01,-8.868028943159322885e-01,-8.779612236447608131e-01,-8.691195529735893377e-01,-8.602778823024177512e-01,-8.514362116312469420e-01,-8.425945409600753555e-01,-8.337528702889038801e-01,-8.294139639472311032e-01,-8.254666023298624644e-01,-8.215192407124940477e-01,-8.175718790951254089e-01,-8.136245174777566591e-01,-8.096771558603880203e-01,-8.057297942430193816e-01,-8.017824326256507428e-01,-7.978350710082823261e-01,-7.938877093909136873e-01,-7.816830660087475957e-01,-7.689513620884029788e-01,-7.562196581680582508e-01,-7.434879542477135228e-01,-7.307562503273697940e-01,-7.180245464070251771e-01,-7.052928424866804491e-01,-6.925611385663358321e-01,-6.798294346459911042e-01,-6.670977307256464872e-01,-6.532633867837567276e-01,-6.393830995076350554e-01,-6.255028122315133832e-01,-6.116225249553917109e-01,-5.977422376792699277e-01,-5.838619504031482554e-01,-5.699816631270275824e-01,-5.561013758509057991e-01,-5.422210885747841269e-01,-5.283408012986624547e-01,-5.354533435746663406e-01,-5.429943109435703130e-01,-5.505352783124738414e-01,-5.580762456813778138e-01,-5.656172130502817863e-01,-5.731581804191857588e-01,-5.806991477880897312e-01,-5.882401151569938147e-01,-5.957810825258972320e-01,-6.033220498948012045e-01,1.100000000000000089e+00
-1.000000000000000000e+00,-1.000000000000000000e+00,-1.000000000000000000e+00,-1.000000000000000000e+00,-1.000000000000000000e+00,-1.000000000000000000e+00,-1.000000000000000000e+00,-1.000000000000000000e+00,-1.000000000000000000e+00,-1.000000000000000000e+00,-1.000000000000000000e+00,-1.000000000000000000e+00,-9.998237628224471152e-01,-9.993779864321663542e-01,-9.989322100418857042e-01,-9.984864336516049432e-01,-9.980406572613241822e-01,-9.975948808710434212e-01,-9.971491044807626603e-01,-9.967033280904820103e-01,-9.962575517002012493e-01,-9.958117753099204883e-01,-9.953659989196397273e-01,-9.949202225293589663e-01,-9.881510950122668335e-01,-9.797081392557245305e-01,-9.712651834991822275e-01,-9.628222277426399245e-01,-9.543792719860976215e-01,-9.459363162295553185e-01,-9.374933604730130154e-01,-9.290504047164708235e-01,-9.206074489599285204e-01,-9.121644932033862174e-01,-9.037215374468439144e-01,-8.960731625074846995e-01,-8.919010786433012594e-01,-8.877289947791178193e-01,-8.835569109149344902e-01,-8.793848270507510501e-01,-8.752127431865677210e-01,-8.710406593223842808e-01,-8.668685754582008407e-01,-8.626964915940174006e-01,-8.585244077298340715e-01,-8.543523238656506313e-01,-8.501802400014671912e-01,-8.418988577710884158e-01,-8.306587807170486837e-01,-8.194187036630090626e-01,-8.081786266089695525e-01,-7.969385495549299314e-01,-7.856984725008903103e-01,-7.744583954468506892e-01,-7.632183183928111792e-01,-7.519782413387715581e-01,-7.407381642847319370e-01,-7.294980872306923159e-01,-7.182580101766526948e-01,-7.070458174896895320e-01,-6.958342887162282109e-01,-6.846227599427667787e-01,-6.734112311693054576e-01,-6.621997023958441364e-01,-6.509881736223827042e-01,-6.397766448489213831e-01,-6.285651160754599509e-01,-6.173535873019986298e-01,-6.061420585285373086e-01,-5.949305297550758764e-01,-5.875586950873884495e-01,-5.866663442231943026e-01,-5.857739933590002668e-01,-5.848816424948062309e-01,-5.839892916306120840e-01,-5.830969407664180482e-01,-5.822045899022240123e-01,-5.813122390380298654e-01,-5.804198881738358295e-01,-5.795275373096417937e-01,-5.786351864454476468e-01,-5.777428355812536109e-01,-5.704466739227220806e-01,-5.612099635386337271e-01,-5.519732531545454846e-01,-5.427365427704571310e-01,-5.334998323863688885e-01,-5.242631220022805350e-01,-5.150264116181921814e-01,-5.057897012341039389e-01,-4.965529908500156409e-01,-4.873162804659273428e-01,-4.780795700818389893e-01,-4.658375633438276986e-01,-4.381397467856397165e-01,-4.104419302274517345e-01,-3.827441136692631973e-01,-3.550462971110751598e-01,-3.273484805528872332e-01,-2.996506639946991957e-01,-2.719528474365112136e-01,-2.442550308783232316e-01,-2.165572143201352495e-01,-1.888593977619472675e-01,-1.611615812037592299e-01,-1.417603813044292782e-01,-1.289273362600282802e-01,-1.160942912156273099e-01,-1.032612461712263396e-01,-9.042820112682536937e-02,-7.759515608242439910e-02,-6.476211103802341496e-02,-5.192906599362244469e-02,-3.909602094922147442e-02,-2.626297590482050415e-02,-1.342993086041952000e-02,-5.968858160185497308e-04,0.000000000000000000e+00,0.000000000000000000e+00,0.000000000000000000e+00,0.000000000000000000e+00,0.000000000000000000e+00,0.000000000000000000e+00,0.000000000000000000e+00,0.000000000000000000e+00,0.000000000000000000e+00,0.000000000000000000e+00,0.000000000000000000e+00,0.000000000000000000e+00,0.000000000000000000e+00,0.000000000000000000e+00,0.000000000000000000e+00,0.000000000000000000e+00,0.000000000000000000e+00,0.000000000000000000e+00,0.000000000000000000e+00,0.000000000000000000e+00,0.000000000000000000e+00,0.000000000000000000e+00,0.000000000000000000e+00,7.898802076372097788e-03,1.851281736649709048e-02,2.912683265662208143e-02,3.974084794674707238e-02,5.035486323687206334e-02,6.096887852699705429e-02,7.158289381712204524e-02,8.219690910724704314e-02,9.281092439737202715e-02,1.034249396874970250e-01,1.140389549776220091e-01,1.271268305710303859e-01,1.554701780346865458e-01,1.838135254983427058e-01,2.121568729619988658e-01,2.405002204256550258e-01,2.688435678893111858e-01,2.971869153529673735e-01,3.255302628166235057e-01,3.538736102802796935e-01,3.822169577439358257e-01,4.105603052075925685e-01,4.389036526712487007e-01,4.591828014458724794e-01,4.724496035343815348e-01,4.857164056228905347e-01,4.989832077113995901e-01,5.122500097999086455e-01,5.255168118884177009e-01,5.387836139769266453e-01,5.520504160654357007e-01,5.653172181539447561e-01,5.785840202424538115e-01,5.918508223309628669e-01,6.051176244194719223e-01,6.181449428135965540e-01,6.311542999306423152e-01,6.441636570476881873e-01,6.571730141647339485e-01,6.701823712817798206e-01,6.831917283988255818e-01,6.962010855158714540e-01,7.092104426329172151e-01,7.222197997499630873e-01,7.352291568670088484e-01,7.482385139840547206e-01,7.604438397408362915e-01,7.709836719656429915e-01,7.815235041904493585e-01,7.920633364152560585e-01,8.026031686400623144e-01,8.131430008648691254e-01,8.236828330896758255e-01,8.342226653144820814e-01,8.447624975392888924e-01,8.553023297640951483e-01,8.658421619889018483e-01,8.763819942137082153e-01,8.813484790851281447e-01,8.841575391745918333e-01,8.869665992640557439e-01,8.897756593535195435e-01,8.925847194429834541e-01,8.953937795324471427e-01,8.982028396219110533e-01,9.010118997113748529e-01,9.038209598008386525e-01,9.066300198903024521e-01,9.094390799797663627e-01,9.119507831420967658e-01,9.122025736582139999e-01,9.124543641743311229e-01,9.127061546904483569e-01,9.129579452065655909e-01,9.132097357226828249e-01,9.134615262387999479e-01,9.137133167549171819e-01,9.139651072710344160e-01,9.142168977871515390e-01,9.144686883032687730e-01,9.147204788193860070e-01,9.175873246329722122e-01,9.229503595941426219e-01,9.283133945553129207e-01,9.336764295164833305e-01,9.390394644776536293e-01,9.444024994388240390e-01,9.497655343999942268e-01,9.551285693611647476e-01,9.604916043223349353e-01,9.658546392835053451e-01,9.712176742446756439e-01,9.765807092058460537e-01,9.786063800493169929e-01,9.802897571371266272e-01,9.819731342249362616e-01,9.836565113127458959e-01,9.853398884005554192e-01,9.870232654883650536e-01,9.887066425761746880e-01,9.903900196639843223e-01,9.920733967517938456e-01,9.937567738396034800e-01,9.954401509274131143e-01,9.967027968505076663e-01,9.969945247011828826e-01,9.972862525518582100e-01,9.975779804025334263e-01,9.978697082532086426e-01,9.981614361038838590e-01,9.984531639545591863e-01,9.987448918052344027e-01,9.990366196559096190e-01,9.993283475065848354e-01,9.996200753572601627e-01,9.999118032079353791e-01,1.000000000000000000e+00,1.000000000000000000e+00,1.000000000000000000e+00,1.000000000000000000e+00,1.000000000000000000e+00,1.000000000000000000e+00,1.000000000000000000e+00,1.000000000000000000e+00,1.000000000000000000e+00,1.000000000000000000e+00,1.000000000000000000e+00,9.995829749637217265e-01,9.950999558237313414e-01,9.906169366837408452e-01,9.861339175437504601e-01,9.816508984037599639e-01,9.771678792637695787e-01,9.726848601237790826e-01,9.682018409837886974e-01,9.637188218437982012e-01,9.592358027038078161e-01,9.547527835638173199e-01,9.502697644238269348e-01,9.472659546308312972e-01,9.458117927251635804e-01,9.443576308194957525e-01,9.429034689138279246e-01,9.414493070081600967e-01,9.399951451024923799e-01,9.385409831968245520e-01,9.370868212911568351e-01,9.356326593854890072e-01,9.341784974798212904e-01,9.327243355741534625e-01,9.312701736684856346e-01,9.291505003418780717e-01,9.269432597230414794e-01,9.247360191042049982e-01,9.225287784853684059e-01,9.203215378665319246e-01,9.181142972476953323e-01,9.159070566288587401e-01,9.136998160100222588e-01,9.114925753911856665e-01,9.092853347723491853e-01,9.070780941535125930e-01,9.021851973132970492e-01,8.903543552345182244e-01,8.785235131557398436e-01,8.666926710769610187e-01,8.548618289981826379e-01,8.430309869194038130e-01,8.312001448406254323e-01,8.193693027618466074e-01,8.075384606830682266e-01,7.957076186042894017e-01,7.838767765255110209e-01,7.720459344467321960e-01,7.512282852293961088e-01,7.260721773934450951e-01,7.009160695574951916e-01,6.757599617215441778e-01,6.506038538855942743e-01,6.254477460496432606e-01,6.002916382136932461e-01,5.751355303777423433e-01,5.499794225417913296e-01,5.248233147058413151e-01,4.996672068698903568e-01,4.760884850198394691e-01,4.735415763151062385e-01,4.709946676103731189e-01,4.684477589056399438e-01,4.659008502009068242e-01,4.633539414961735936e-01,4.608070327914404740e-01,4.582601240867072434e-01,4.557132153819741238e-01,4.531663066772409487e-01,4.506193979725078291e-01,4.480724892677745985e-01,4.418863308468797269e-01,4.315150352523986488e-01,4.211437396579180703e-01,4.107724440634369922e-01,4.004011484689563583e-01,3.900298528744752802e-01,3.796585572799946462e-01,3.692872616855136236e-01,3.589159660910329896e-01,3.485446704965519116e-01,3.381733749020712776e-01,3.278020793075902550e-01,3.180556026341236908e-01,3.084104479478482208e-01,2.987652932615731394e-01,2.891201385752976138e-01,2.794749838890225324e-01,2.698298292027470624e-01,2.601846745164719810e-01,2.505395198301964554e-01,2.408943651439213740e-01,2.312492104576459040e-01,2.216040557713708226e-01,2.108874663745444744e-01,1.970539760015710129e-01,1.832204856285969963e-01,1.693869952556235625e-01,1.555535048826495181e-01,1.417200145096760844e-01,1.278865241367020400e-01,1.140530337637286062e-01,1.002195433907545757e-01,8.638605301778112810e-02,7.255256264480711148e-02,5.871907227183364997e-02,5.086935551271793560e-02,4.622523176102598386e-02,4.158110800933402518e-02,3.693698425764207344e-02,3.229286050595049640e-02,2.764873675425854466e-02,2.300461300256658945e-02,1.836048925087463424e-02,1.371636549918306414e-02,9.072241747491112396e-03,4.428117995799153717e-03,-1.428326340954008677e-03,-3.213734267144367079e-02,-6.284635900193080715e-02,-9.355537533242047621e-02,-1.242643916629101314e-01,-1.549734079933998143e-01,-1.856824243238869299e-01,-2.163914406543765989e-01,-2.471004569848662680e-01,-2.778094733153559370e-01,-3.085184896458430526e-01,-3.392275059763327216e-01,-3.655314320445572362e-01,-3.862710335709735876e-01,-4.070106350973882736e-01,-4.277502366238046250e-01,-4.484898381502210318e-01,-4.692294396766373832e-01,-4.899690412030520692e-01,-5.107086427294684761e-01,-5.314482442558847719e-01,-5.521878457823011788e-01,-5.729274473087158093e-01,-5.936670488351322161e-01,-6.089662542936506995e-01,-6.232076049611890989e-01,-6.374489556287263881e-01,-6.516903062962647875e-01,-6.659316569638032979e-01,-6.801730076313416973e-01,-6.944143582988789865e-01,-7.086557089664173859e-01,-7.228970596339557853e-01,-7.371384103014942957e-01,-7.513797609690315848e-01,-7.630611158592947030e-01,-7.662944846845491931e-01,-7.695278535098036832e-01,-7.727612223350579512e-01,-7.759945911603124413e-01,-7.792279599855670424e-01,-7.824613288108215325e-01,-7.856946976360758006e-01,-7.889280664613302907e-01,-7.921614352865848918e-01,-7.953948041118393819e-01,-7.986281729370936500e-01,-7.985513821225848075e-01,-7.965130152252531959e-01,-7.944746483279215843e-01,-7.924362814305900837e-01,-7.903979145332584721e-01,-7.883595476359268606e-01,-7.863211807385951380e-01,-7.842828138412637484e-01,-7.822444469439321368e-01,-7.802060800466004142e-01,-7.781677131492688027e-01,-7.763364885758557987e-01,-7.832052416070282019e-01,-7.900739946382006051e-01,-7.969427476693730084e-01,-8.038115007005448565e-01,-8.106802537317172597e-01,-8.175490067628896629e-01,-8.244177597940620661e-01,-8.312865128252344693e-01,-8.381552658564062064e-01,-8.450240188875786096e-01,-8.518927719187510128e-01,-8.608050674328059371e-01,-8.725556163953073208e-01,-8.843061653578097037e-01,-8.960567143203120866e-01,-9.078072632828144695e-01,-9.195578122453158532e-01,-9.313083612078182361e-01,-9.430589101703206190e-01,-9.548094591328228908e-01,-9.665600080953242745e-01,-9.783105570578266574e-01,-9.900611060203290403e-01,-9.924328564795922292e-01,-9.926608815666870811e-01,-9.928889066537818220e-01,-9.931169317408765629e-01,-9.933449568279714148e-01,-9.935729819150661557e-01,-9.938010070021608966e-01,-9.940290320892556375e-01,-9.942570571763504894e-01,-9.944850822634452303e-01,-9.947131073505399712e-01,-9.947888362504626603e-01,-9.942892239988464498e-01,-9.937896117472302393e-01,-9.932899994956140288e-01,-9.927903872439978183e-01,-9.922907749923816079e-01,-9.917911627407653974e-01,-9.912915504891491869e-01,-9.907919382375328654e-01,-9.902923259859166549e-01,-9.897927137343004445e-01,-9.892931014826842340e-01,-9.877452694871204919e-01,-9.855120630435910689e-01,-9.832788566000618680e-01,-9.810456501565324450e-01,-9.788124437130030220e-01,-9.765792372694735990e-01,-9.743460308259443980e-01,-9.721128243824149751e-01,-9.698796179388855521e-01,-9.676464114953561291e-01,-9.654132050518269281e-01,-9.631799986082975051e-01,1.300000000000000044e+00
-1.000000000000000000e+00,-1.000000000000000000e+00,-1.000000000000000000e+00,-1.000000000000000000e+00,-1.000000000000000000e+00,-1.000000000000000000e+00,-1.000000000000000000e+00,-1.000000000000000000e+00,-1.000000000000000000e+00,-1.000000000000000000e+00,-1.000000000000000000e+00,-1.000000000000000000e+00,-1.000000000000000000e+00,-1.000000000000000000e+00,-1.000000000000000000e+00,-1.000000000000000000e+00,-1.000000000000000000e+00,-1.000000000000000000e+00,-1.000000000000000000e+00,-1.000000000000000000e+00,-1.000000000000000000e+00,-1.000000000000000000e+00,-1.000000000000000000e+00,-9.999508148365884308e-01,-9.997962328944377530e-01,-9.996416509522871863e-01,-9.994870690101365085e-01,-9.993324870679859417e-01,-9.991779051258352640e-01,-9.990233231836845862e-01,-9.988687412415340194e-01,-9.987141592993833417e-01,-9.985595773572327749e-01,-9.984049954150820971e-01,-9.982504134729314194e-01,-9.942231639894955064e-01,-9.901058524702157637e-01,-9.859885409509360210e-01,-9.818712294316561673e-01,-9.777539179123764246e-01,-9.736366063930966819e-01,-9.695192948738169392e-01,-9.654019833545370854e-01,-9.612846718352573427e-01,-9.571673603159776000e-01,-9.530500487966978573e-01,-9.462402589607546988e-01,-9.378919100867184611e-01,-9.295435612126820013e-01,-9.211952123386456526e-01,-9.128468634646094149e-01,-9.044985145905729551e-01,-8.961501657165366064e-01,-8.878018168425002576e-01,-8.794534679684639089e-01,-8.711051190944276712e-01,-8.627567702203912114e-01,-8.536178382885220017e-01,-8.425936698341283115e-01,-8.315695013797347324e-01,-8.205453329253411532e-01,-8.095211644709474630e-01,-7.984969960165538838e-01,-7.874728275621601936e-01,-7.764486591077666144e-01,-7.654244906533730353e-01,-7.544003221989792340e-01,-7.433761537445856549e-01,-7.323519852901919647e-01,-7.298067756263109107e-01,-7.276653259048351252e-01,-7.255238761833592287e-01,-7.233824264618834432e-01,-7.212409767404076577e-01,-7.190995270189317612e-01,-7.169580772974559757e-01,-7.148166275759801902e-01,-7.126751778545044047e-01,-7.105337281330285082e-01,-7.083922784115527227e-01,-7.050552997465217020e-01,-7.009655806355483687e-01,-6.968758615245750354e-01,-6.927861424136017021e-01,-6.886964233026284798e-01,-6.846067041916551466e-01,-6.805169850806819243e-01,-6.764272659697085910e-01,-6.723375468587353687e-01,-6.682478277477620354e-01,-6.641581086367887021e-01,-6.574279501777506862e-01,-6.436566201238727025e-01,-6.298852900699950519e-01,-6.161139600161174013e-01,-6.023426299622397506e-01,-5.885712999083617669e-01,-5.747999698544841163e-01,-5.610286398006064656e-01,-5.472573097467288150e-01,-5.334859796928510534e-01,-5.197146496389731807e-01,-5.059433195850955300e-01,-4.895667046285794299e-01,-4.729994590694314160e-01,-4.564322135102833466e-01,-4.398649679511349442e-01,-4.232977223919868748e-01,-4.067304768328388054e-01,-3.901632312736907360e-01,-3.735959857145426666e-01,-3.570287401553943196e-01,-3.404614945962461947e-01,-3.238942490370981808e-01,-3.005936228033112001e-01,-2.726314253332358106e-01,-2.446692278631599216e-01,-2.167070303930845598e-01,-1.887448329230091981e-01,-1.607826354529338642e-01,-1.328204379828585024e-01,-1.048582405127825856e-01,-7.689604304270722390e-02,-4.893384557263186219e-02,-2.097164810255652823e-02,0.000000000000000000e+00,0.000000000000000000e+00,0.000000000000000000e+00,0.000000000000000000e+00,0.000000000000000000e+00,0.000000000000000000e+00,0.000000000000000000e+00,0.000000000000000000e+00,0.000000000000000000e+00,0.000000000000000000e+00,0.000000000000000000e+00,0.000000000000000000e+00,0.000000000000000000e+00,0.000000000000000000e+00,0.000000000000000000e+00,0.000000000000000000e+00,0.000000000000000000e+00,0.000000000000000000e+00,0.000000000000000000e+00,0.000000000000000000e+00,0.000000000000000000e+00,0.000000000000000000e+00,0.000000000000000000e+00,2.527558173079953036e-02,6.976060557700598797e-02,1.142456294232124386e-01,1.587306532694197914e-01,2.032156771156262420e-01,2.477007009618326927e-01,2.921857248080391711e-01,3.366707486542456218e-01,3.811557725004529606e-01,4.256407963466594113e-01,4.701258201928658620e-01,5.080430063730186907e-01,5.236295444885893380e-01,5.392160826041604293e-01,5.548026207197311876e-01,5.703891588353019459e-01,5.859756969508727042e-01,6.015622350664436846e-01,6.171487731820144429e-01,6.327353112975852012e-01,6.483218494131559595e-01,6.639083875287267178e-01,6.794949256442976981e-01,6.785907238998803992e-01,6.755723247375163831e-01,6.725539255751522560e-01,6.695355264127881290e-01,6.665171272504240019e-01,6.634987280880598748e-01,6.604803289256957477e-01,6.574619297633316206e-01,6.544435306009674935e-01,6.514251314386033664e-01,6.484067322762392394e-01,6.480839276602655685e-01,6.500074518329506112e-01,6.519309760056355429e-01,6.538545001783204746e-01,6.557780243510054063e-01,6.577015485236903380e-01,6.596250726963752697e-01,6.615485968690602014e-01,6.634721210417452442e-01,6.653956452144301759e-01,6.673191693871152186e-01,6.720163013566826660e-01,6.874996858696803548e-01,7.029830703826779326e-01,7.184664548956756214e-01,7.339498394086733102e-01,7.494332239216709990e-01,7.649166084346685768e-01,7.803999929476662656e-01,7.958833774606639544e-01,8.113667619736621983e-01,8.268501464866598871e-01,8.423335309996575759e-01,8.514840047494660613e-01,8.596345452208763449e-01,8.677850856922867395e-01,8.759356261636970231e-01,8.840861666351074177e-01,8.922367071065177013e-01,9.003872475779279849e-01,9.085377880493387126e-01,9.166883285207489962e-01,9.248388689921593908e-01,9.329894094635696744e-01,9.387323531467637316e-01,9.422770562841953357e-01,9.458217594216269397e-01,9.493664625590584327e-01,9.529111656964900368e-01,9.564558688339216408e-01,9.600005719713533558e-01,9.635452751087848489e-01,9.670899782462164529e-01,9.706346813836480569e-01,9.741793845210795499e-01,9.772335465454162762e-01,9.780802735608264964e-01,9.789270005762367166e-01,9.797737275916468258e-01,9.806204546070570460e-01,9.814671816224672662e-01,9.823139086378773754e-01,9.831606356532875957e-01,9.840073626686977049e-01,9.848540896841079251e-01,9.857008166995180343e-01,9.865475437149282545e-01,9.876697387413416740e-01,9.888440493374043294e-01,9.900183599334670959e-01,9.911926705295297513e-01,9.923669811255925177e-01,9.935412917216551731e-01,9.947156023177178286e-01,9.958899129137805950e-01,9.970642235098432504e-01,9.982385341059059058e-01,9.994128447019686723e-01,9.999593803562383254e-01,9.998781410687148652e-01,9.997969017811915160e-01,9.997156624936681668e-01,9.996344232061447066e-01,9.995531839186213574e-01,9.994719446310980082e-01,9.993907053435745480e-01,9.993094660560511988e-01,9.992282267685278496e-01,9.991469874810043894e-01,9.980819317961944215e-01,9.918167037257281660e-01,9.855514756552619104e-01,9.792862475847956549e-01,9.730210195143295104e-01,9.667557914438632549e-01,9.604905633733969994e-01,9.542253353029307439e-01,9.479601072324644884e-01,9.416948791619982329e-01,9.354296510915317553e-01,9.291644230210654998e-01,9.232603623979508400e-01,9.174365612075811027e-01,9.116127600172112544e-01,9.057889588268415171e-01,8.999651576364716687e-01,8.941413564461019314e-01,8.883175552557320831e-01,8.824937540653623458e-01,8.766699528749922754e-01,8.708461516846225381e-01,8.650223504942526898e-01,8.567519665615003222e-01,8.458019920061385921e-01,8.348520174507768621e-01,8.239020428954152431e-01,8.129520683400535130e-01,8.020020937846917830e-01,7.910521192293301640e-01,7.801021446739679899e-01,7.691521701186062598e-01,7.582021955632445298e-01,7.472522210078829108e-01,7.374201575749006476e-01,7.346681979169868981e-01,7.319162382590731486e-01,7.291642786011593991e-01,7.264123189432456495e-01,7.236603592853319000e-01,7.209083996274180395e-01,7.181564399695042900e-01,7.154044803115906515e-01,7.126525206536769019e-01,7.099005609957631524e-01,7.071486013378494029e-01,6.958902915439998393e-01,6.824446345723383933e-01,6.689989776006769473e-01,6.555533206290153903e-01,6.421076636573535001e-01,6.286620066856919431e-01,6.152163497140304971e-01,6.017706927423690511e-01,5.883250357707076050e-01,5.748793787990461590e-01,5.614337218273847130e-01,5.461139752877874898e-01,5.285453212666673117e-01,5.109766672455472447e-01,4.934080132244264005e-01,4.758393592033063335e-01,4.582707051821862110e-01,4.407020511610661440e-01,4.231333971399460214e-01,4.055647431188259544e-01,3.879960890977058319e-01,3.704274350765857093e-01,3.526921268747882920e-01,3.336569160637067322e-01,3.146217052526260050e-01,2.955864944415452222e-01,2.765512836304644395e-01,2.575160728193837123e-01,2.384808620083029296e-01,2.194456511972221469e-01,2.004104403861413919e-01,1.813752295750606369e-01,1.623400187639798542e-01,1.433048079528983221e-01,1.295091382968108773e-01,1.172545101568975984e-01,1.049998820169843194e-01,9.274525387707105439e-02,8.049062573715776159e-02,6.823599759724449654e-02,5.598136945733121761e-02,4.372674131741793868e-02,3.147211317750465975e-02,1.921748503759089510e-02,6.962856897677616175e-03,0.000000000000000000e+00,0.000000000000000000e+00,0.000000000000000000e+00,0.000000000000000000e+00,0.000000000000000000e+00,0.000000000000000000e+00,0.000000000000000000e+00,0.000000000000000000e+00,0.000000000000000000e+00,0.000000000000000000e+00,0.000000000000000000e+00,-2.531343024257233943e-03,-3.037611629109129852e-02,-5.822088955792760478e-02,-8.606566282476166285e-02,-1.139104360915957348e-01,-1.417552093584297790e-01,-1.695999826252638509e-01,-1.974447558920979229e-01,-2.252895291589319948e-01,-2.531343024257660668e-01,-2.809790756926001110e-01,-3.088238489594341551e-01,-3.298647994002134043e-01,-3.486378088989746660e-01,-3.674108183977359277e-01,-3.861838278964971338e-01,-4.049568373952583955e-01,-4.237298468940196017e-01,-4.425028563927808634e-01,-4.612758658915421250e-01,-4.800488753903033312e-01,-4.988218848890660917e-01,-5.175948943878272424e-01,-5.339455385924533060e-01,-5.467972107055512065e-01,-5.596488828186492182e-01,-5.725005549317472298e-01,-5.853522270448451303e-01,-5.982038991579431420e-01,-6.110555712710411536e-01,-6.239072433841391652e-01,-6.367589154972370658e-01,-6.496105876103350774e-01,-6.624622597234330890e-01,-6.742628155395502532e-01,-6.716981152969313529e-01,-6.691334150543124526e-01,-6.665687148116935523e-01,-6.640040145690746520e-01,-6.614393143264557517e-01,-6.588746140838369625e-01,-6.563099138412178402e-01,-6.537452135985989399e-01,-6.511805133559800396e-01,-6.486158131133611393e-01,-6.460511128707422390e-01,-6.493118981152778968e-01,-6.547572404174960559e-01,-6.602025827197142149e-01,-6.656479250219322630e-01,-6.710932673241504220e-01,-6.765386096263685811e-01,-6.819839519285866292e-01,-6.874292942308047882e-01,-6.928746365330229473e-01,-6.983199788352409954e-01,-7.037653211374591544e-01,-7.146242874788145683e-01,-7.340813625882116611e-01,-7.535384376976087539e-01,-7.729955128070058468e-01,-7.924525879164044939e-01,-8.119096630258015868e-01,-8.313667381351986796e-01,-8.508238132445957724e-01,-8.702808883539928653e-01,-8.897379634633899581e-01,-9.091950385727869399e-01,-9.278611846013605780e-01,-9.299178199326536554e-01,-9.319744552639467328e-01,-9.340310905952398102e-01,-9.360877259265328876e-01,-9.381443612578259650e-01,-9.402009965891190424e-01,-9.422576319204120088e-01,-9.443142672517050862e-01,-9.463709025829981636e-01,-9.484275379142912410e-01,-9.504841732455843184e-01,-9.533890201040595702e-01,-9.566495685707083751e-01,-9.599101170373568470e-01,-9.631706655040053189e-01,-9.664312139706537907e-01,-9.696917624373022626e-01,-9.729523109039507345e-01,-9.762128593705992063e-01,-9.794734078372476782e-01,-9.827339563038961501e-01,-9.859945047705447330e-01,-9.884519435619679717e-01,-9.895039404217472745e-01,-9.905559372815265773e-01,-9.916079341413058801e-01,-9.926599310010851829e-01,-9.937119278608644857e-01,-9.947639247206437885e-01,-9.958159215804232023e-01,-9.968679184402025051e-01,-9.979199152999819189e-01,-9.989719121597612217e-01,-1.000000000000000000e+00,-1.000000000000000000e+00,-1.000000000000000000e+00,-1.000000000000000000e+00,-1.000000000000000000e+00,-1.000000000000000000e+00,-1.000000000000000000e+00,-1.000000000000000000e+00,-1.000000000000000000e+00,-1.000000000000000000e+00,-1.000000000000000000e+00,-1.000000000000000000e+00,-1.000000000000000000e+00,-1.000000000000000000e+00,-1.000000000000000000e+00,-1.000000000000000000e+00,-1.000000000000000000e+00,-1.000000000000000000e+00,-1.000000000000000000e+00,-1.000000000000000000e+00,-1.000000000000000000e+00,-1.000000000000000000e+00,-1.000000000000000000e+00,-9.476092841303355163e-01,-7.939298509126736514e-01,-6.402504176950116754e-01,-4.865709844773499215e-01,-3.328915512596880566e-01,-1.792121180420260806e-01,-2.553268482436421571e-02,1.281467483932976492e-01,2.818261816109595141e-01,4.355056148286213791e-01,5.891850480462832440e-01,7.428644812639451089e-01,1.000000000000000000e+00
-1.000000000000000000e+00,-1.000000000000000000e+00,-1.000000000000000000e+00,-1.000000000000000000e+00,-1.000000000000000000e+00,-1.000000000000000000e+00,-1.000000000000000000e+00,-1.000000000000000000e+00,-1.000000000000000000e+00,-1.000000000000000000e+00,-9.999727957616419971e-01,-9.999054328857077678e-01,-9.998380700097735385e-01,-9.997707071338394202e-01,-9.997033442579051910e-01,-9.996359813819710727e-01,-9.995686185060368434e-01,-9.995012556301026141e-01,-9.994338927541684958e-01,-9.993665298782342665e-01,-9.972343806890850981e-01,-9.946106157110752299e-01,-9.919868507330653618e-01,-9.893630857550554936e-01,-9.867393207770456254e-01,-9.841155557990357572e-01,-9.814917908210257780e-01,-9.788680258430159098e-01,-9.762442608650060416e-01,-9.736157558308419224e-01,-9.709695833146484434e-01,-9.683234107984548533e-01,-9.656772382822613743e-01,-9.630310657660677842e-01,-9.603848932498743052e-01,-9.577387207336807151e-01,-9.550925482174872361e-01,-9.524463757012936460e-01,-9.498002031851001670e-01,-9.468631603004762365e-01,-9.437443234355834543e-01,-9.406254865706906720e-01,-9.375066497057978898e-01,-9.343878128409051076e-01,-9.312689759760123254e-01,-9.281501391111195431e-01,-9.250313022462267609e-01,-9.219124653813339787e-01,-9.188331316357867262e-01,-9.177684569768632672e-01,-9.167037823179398082e-01,-9.156391076590162381e-01,-9.145744330000927791e-01,-9.135097583411693201e-01,-9.124450836822458610e-01,-9.113804090233224020e-01,-9.103157343643988320e-01,-9.092510597054753729e-01,-9.061748006897198948e-01,-9.003554720964663804e-01,-8.945361435032128661e-01,-8.887168149099592407e-01,-8.828974863167056153e-01,-8.770781577234519899e-01,-8.712588291301984755e-01,-8.654395005369449612e-01,-8.596201719436913358e-01,-8.538008433504377104e-01,-8.470944574924582637e-01,-8.402024084860479913e-01,-8.333103594796376079e-01,-8.264183104732272245e-01,-8.195262614668168411e-01,-8.126342124604064576e-01,-8.057421634539960742e-01,-7.988501144475856908e-01,-7.919580654411753073e-01,-7.836073572644258745e-01,-7.703944518532129804e-01,-7.571815464420003083e-01,-7.439686410307873032e-01,-7.307557356195744092e-01,-7.175428302083617371e-01,-7.043299247971487320e-01,-6.911170193859358379e-01,-6.779041139747230549e-01,-6.646912085635101608e-01,-6.505817363632115935e-01,-6.359560590419245374e-01,-6.213303817206372592e-01,-6.067047043993499811e-01,-5.920790270780627029e-01,-5.774533497567756468e-01,-5.628276724354883687e-01,-5.482019951142010905e-01,-5.335763177929140344e-01,-5.177975499044101815e-01,-4.731915178354875184e-01,-4.285854857665656326e-01,-3.839794536976429695e-01,-3.393734216287203065e-01,-2.947673895597983651e-01,-2.501613574908757021e-01,-2.055553254219530390e-01,-1.609492933530303760e-01,-1.163432612841084346e-01,-8.725091477666241380e-02,-7.771930223803538706e-02,-6.818768969940852687e-02,-5.865607716078148626e-02,-4.912446462215445259e-02,-3.959285208352758545e-02,-3.006123954490055178e-02,-2.052962700627351811e-02,-1.099801446764664403e-02,-1.466401929019617301e-03,1.449610308904948283e-02,3.162786128519873979e-02,4.875961948134828472e-02,6.589137767749783658e-02,8.302313587364708314e-02,1.001548940697966350e-01,1.172866522659461869e-01,1.344184104620957387e-01,1.515501686582449714e-01,1.759078238783900183e-01,2.219431701705225357e-01,2.679785164626542482e-01,3.140138627547868211e-01,3.600492090469192830e-01,4.060845553390510232e-01,4.521199016311835406e-01,4.981552479233160580e-01,5.441905942154477982e-01,5.902259405075802601e-01,6.170663253586838870e-01,6.337446717998304058e-01,6.504230182409768135e-01,6.671013646821234433e-01,6.837797111232699621e-01,7.004580575644163698e-01,7.171364040055629996e-01,7.338147504467096294e-01,7.504930968878559261e-01,7.667285308436757596e-01,7.757297275391578095e-01,7.847309242346396374e-01,7.937321209301215763e-01,8.027333176256036262e-01,8.117345143210854541e-01,8.207357110165673930e-01,8.297369077120494429e-01,8.387381044075312708e-01,8.477393011030132097e-01,8.530669829373742630e-01,8.541088974337608386e-01,8.551508119301473032e-01,8.561927264265337678e-01,8.572346409229202324e-01,8.582765554193066970e-01,8.593184699156931616e-01,8.603603844120796262e-01,8.614022989084662019e-01,8.624442134048526665e-01,8.640561818992977816e-01,8.657568254601077928e-01,8.674574690209176930e-01,8.691581125817275932e-01,8.708587561425376045e-01,8.725593997033475047e-01,8.742600432641574049e-01,8.759606868249673051e-01,8.776613303857772053e-01,8.808527752695957114e-01,8.880906808872947034e-01,8.953285865049936953e-01,9.025664921226924653e-01,9.098043977403914573e-01,9.170423033580904493e-01,9.242802089757894413e-01,9.315181145934885443e-01,9.387560202111875363e-01,9.459939258288865283e-01,9.508390064982529255e-01,9.545218579070009479e-01,9.582047093157489703e-01,9.618875607244969927e-01,9.655704121332449041e-01,9.692532635419929266e-01,9.729361149507408379e-01,9.766189663594887493e-01,9.803018177682367718e-01,9.836209605844333792e-01,9.825756002900127850e-01,9.815302399955923018e-01,9.804848797011717076e-01,9.794395194067511135e-01,9.783941591123305193e-01,9.773487988179100361e-01,9.763034385234894419e-01,9.752580782290688477e-01,9.742127179346482535e-01,9.743675691403000938e-01,9.758186487660301944e-01,9.772697283917602951e-01,9.787208080174902847e-01,9.801718876432203853e-01,9.816229672689504859e-01,9.830740468946805866e-01,9.845251265204105762e-01,9.859762061461406768e-01,9.874272857718707774e-01,9.886606224786422814e-01,9.898655579351147704e-01,9.910704933915872594e-01,9.922754288480597484e-01,9.934803643045323485e-01,9.946852997610048375e-01,9.958902352174774375e-01,9.970951706739499265e-01,9.983001061304224155e-01,9.991827907832966371e-01,9.992705901206284658e-01,9.993583894579601834e-01,9.994461887952920121e-01,9.995339881326237297e-01,9.996217874699554473e-01,9.997095868072872760e-01,9.997973861446189936e-01,9.998851854819508223e-01,9.999729848192825399e-01,1.000000000000000000e+00,1.000000000000000000e+00,1.000000000000000000e+00,1.000000000000000000e+00,1.000000000000000000e+00,1.000000000000000000e+00,1.000000000000000000e+00,1.000000000000000000e+00,1.000000000000000000e+00,9.999963065993642264e-01,9.999578952327523584e-01,9.999194838661403795e-01,9.998810724995285115e-01,9.998426611329166436e-01,9.998042497663046646e-01,9.997658383996927967e-01,9.997274270330809287e-01,9.996890156664690608e-01,9.996506042998570818e-01,9.976382109414452248e-01,9.936518355912330458e-01,9.896654602410209778e-01,9.856790848908090208e-01,9.816927095405969528e-01,9.777063341903848848e-01,9.737199588401728167e-01,9.697335834899607487e-01,9.657472081397486807e-01,9.617608327895366127e-01,9.577125821584613341e-01,9.536577490506984445e-01,9.496029159429355548e-01,9.455480828351725542e-01,9.414932497274096646e-01,9.374384166196467749e-01,9.333835835118839963e-01,9.293287504041209957e-01,9.252739172963581060e-01,9.211153507562933607e-01,9.167233839935494677e-01,9.123314172308056857e-01,9.079394504680617928e-01,9.035474837053181218e-01,8.991555169425742289e-01,8.947635501798303359e-01,8.903715834170865540e-01,8.859796166543426610e-01,8.815876498915987680e-01,8.744540418802665416e-01,8.662089576870737329e-01,8.579638734938808131e-01,8.497187893006880044e-01,8.414737051074951957e-01,8.332286209143022759e-01,8.249835367211096893e-01,8.167384525279168805e-01,8.084933683347240718e-01,8.001227574604370396e-01,7.907897753644282934e-01,7.814567932684195473e-01,7.721238111724108011e-01,7.627908290764022770e-01,7.534578469803935308e-01,7.441248648843847846e-01,7.347918827883760384e-01,7.254589006923672923e-01,7.161259185963585461e-01,6.994348509705200501e-01,6.759307411874301286e-01,6.524266314043402071e-01,6.289225216212502856e-01,6.054184118381603641e-01,5.819143020550705536e-01,5.584101922719814093e-01,5.349060824888914878e-01,5.114019727058015663e-01,4.878978629227117003e-01,4.625735774835780245e-01,4.370976107397748778e-01,4.116216439959699547e-01,3.861456772521668079e-01,3.606697105083619403e-01,3.351937437645587381e-01,3.097177770207555914e-01,2.842418102769506683e-01,2.587658435331475215e-01,2.355621129449825268e-01,2.170365156184307087e-01,1.985109182918776416e-01,1.799853209653258235e-01,1.614597236387740053e-01,1.429341263122209105e-01,1.244085289856691062e-01,1.058829316591160252e-01,8.735733433256420710e-02,6.883173700601113998e-02,4.051255585365948902e-02,8.585212239171094439e-03,-2.334213137531948590e-02,-5.526947498980787354e-02,-8.719681860429844000e-02,-1.191241622187868415e-01,-1.510515058332752569e-01,-1.829788494477658234e-01,-2.149061930622542249e-01,-2.479155776157259961e-01,-2.878809396340747950e-01,-3.278463016524263418e-01,-3.678116636707751685e-01,-4.077770256891239953e-01,-4.477423877074755421e-01,-4.877077497258243133e-01,-5.276731117441758601e-01,-5.676384737625247423e-01,-6.076038357808761781e-01,-6.350643572301036821e-01,-6.518064439057982273e-01,-6.685485305814939938e-01,-6.852906172571886501e-01,-7.020327039328843055e-01,-7.187747906085789618e-01,-7.355168772842735070e-01,-7.522589639599692735e-01,-7.690010506356638187e-01,-7.857431373113595852e-01,-7.901298134215016811e-01,-7.937600358235488152e-01,-7.973902582255956162e-01,-8.010204806276425282e-01,-8.046507030296896623e-01,-8.082809254317365744e-01,-8.119111478337837084e-01,-8.155413702358306205e-01,-8.191715926378777546e-01,-8.211921877791530378e-01,-8.201723758723040714e-01,-8.191525639654549940e-01,-8.181327520586060276e-01,-8.171129401517569502e-01,-8.160931282449079838e-01,-8.150733163380590174e-01,-8.140535044312099400e-01,-8.130336925243609736e-01,-8.120138806175120072e-01,-8.158274873814703732e-01,-8.212522337023649976e-01,-8.266769800232592891e-01,-8.321017263441535805e-01,-8.375264726650482050e-01,-8.429512189859424964e-01,-8.483759653068371209e-01,-8.538007116277314124e-01,-8.592254579486260369e-01,-8.636594579701415419e-01,-8.626443533450723899e-01,-8.616292487200032379e-01,-8.606141440949341970e-01,-8.595990394698650450e-01,-8.585839348447960040e-01,-8.575688302197268520e-01,-8.565537255946577000e-01,-8.555386209695886590e-01,-8.545235163445195070e-01,-8.528407636740202857e-01,-8.506284970364554887e-01,-8.484162303988909137e-01,-8.462039637613262277e-01,-8.439916971237614307e-01,-8.417794304861968557e-01,-8.395671638486320587e-01,-8.373548972110674837e-01,-8.351426305735026867e-01,-8.329303639359381117e-01,-8.378682987946149963e-01,-8.430922417131422320e-01,-8.483161846316691346e-01,-8.535401275501963703e-01,-8.587640704687231619e-01,-8.639880133872503976e-01,-8.692119563057773002e-01,-8.744358992243042028e-01,-8.796598421428313275e-01,-8.858079866649097855e-01,-8.935613234457892018e-01,-9.013146602266680629e-01,-9.090679970075473681e-01,-9.168213337884262293e-01,-9.245746705693050904e-01,-9.323280073501845067e-01,-9.400813441310633678e-01,-9.478346809119426730e-01,-9.555880176928215342e-01,-9.555627523019963876e-01,-9.532039062596594503e-01,-9.508450602173226240e-01,-9.484862141749856868e-01,-9.461273681326488605e-01,-9.437685220903119232e-01,-9.414096760479750969e-01,-9.390508300056382707e-01,-9.366919839633013334e-01,-9.347230594713609175e-01,-9.346170934979819434e-01,-9.345111275246028582e-01,-9.344051615512238840e-01,-9.342991955778447988e-01,-9.341932296044658246e-01,-9.340872636310867394e-01,-9.339812976577077652e-01,-9.338753316843286800e-01,-9.337693657109497058e-01,-9.365287485489556252e-01,-9.413893871819780657e-01,-9.462500258150001731e-01,-9.511106644480226135e-01,-9.559713030810447210e-01,-9.608319417140670504e-01,-9.656925803470891578e-01,-9.705532189801112652e-01,-9.754138576131337057e-01,-9.802744962461558131e-01,-9.805682344972509457e-01,-9.807724256820335995e-01,-9.809766168668161423e-01,-9.811808080515987962e-01,-9.813849992363813390e-01,-9.815891904211639929e-01,-9.817933816059466468e-01,-9.819975727907293006e-01,-9.822017639755118434e-01,-9.828278441279673094e-01,-9.841289466286994303e-01,-9.854300491294314401e-01,-9.867311516301636720e-01,-9.880322541308956819e-01,-9.893333566316278027e-01,-9.906344591323599236e-01,-9.919355616330919334e-01,-9.932366641338240543e-01,-9.945377666345561751e-01,-9.948042322010905991e-01,-9.947931122486938227e-01,-9.947819922962970463e-01,-9.947708723439003808e-01,-9.947597523915036044e-01,-9.947486324391068280e-01,-9.947375124867101626e-01,-9.947263925343133861e-01,-9.947152725819166097e-01,-9.948123774329679092e-01,-9.953640264585009723e-01,-9.959156754840340353e-01,-9.964673245095670984e-01,-9.970189735351001614e-01,-9.975706225606332245e-01,-9.981222715861662875e-01,-9.986739206116993506e-01,-9.992255696372324136e-01,-9.997772186627654767e-01,-9.998180795381700348e-01,-9.995129226344553475e-01,-9.992077657307406602e-01,-9.989026088270259729e-01,-9.985974519233112856e-01,-9.982922950195965983e-01,-9.979871381158819110e-01,-9.976819812121671127e-01,-9.973768243084524254e-01,-9.970716674047377381e-01,1.500000000000000000e+00
0.000000000000000000e+00,0.000000000000000000e+00,0.000000000000000000e+00,0.000000000000000000e+00,0.000000000000000000e+00,0.000000000000000000e+00,0.000000000000000000e+00,0.000000000000000000e+00,0.000000000000000000e+00,0.000000000000000000e+00,0.000000000000000000e+00,0.000000000000000000e+00,-1.773352237364669154e-02,-4.463955631986913503e-02,-7.154559026609165484e-02,-9.845162421231409833e-02,-1.253576581585366112e-01,-1.522636921047591241e-01,-1.791697260509815814e-01,-2.060757599972040943e-01,-2.329817939434265239e-01,-2.598878278896490368e-01,-2.867938618358715774e-01,-3.073203158016958314e-01,-3.141762412380953995e-01,-3.210321666744949676e-01,-3.278880921108945912e-01,-3.347440175472942148e-01,-3.415999429836937828e-01,-3.484558684200934064e-01,-3.553117938564929745e-01,-3.621677192928925426e-01,-3.690236447292921662e-01,-3.758795701656917343e-01,-3.827354956020913579e-01,-3.810136648607488352e-01,-3.790923514175983389e-01,-3.771710379744478425e-01,-3.752497245312973462e-01,-3.733284110881469053e-01,-3.714070976449964090e-01,-3.694857842018459126e-01,-3.675644707586954718e-01,-3.656431573155449755e-01,-3.637218438723944791e-01,-3.618005304292439828e-01,-3.548568692944427672e-01,-3.450432951929840453e-01,-3.352297210915252679e-01,-3.254161469900665460e-01,-3.156025728886078241e-01,-3.057889987871490467e-01,-2.959754246856903248e-01,-2.861618505842315474e-01,-2.763482764827728255e-01,-2.665347023813141036e-01,-2.567211282798553262e-01,-2.496227504477467607e-01,-2.489990714117807369e-01,-2.483753923758147131e-01,-2.477517133398487170e-01,-2.471280343038826932e-01,-2.465043552679166972e-01,-2.458806762319506733e-01,-2.452569971959846773e-01,-2.446333181600186535e-01,-2.440096391240526574e-01,-2.433859600880866336e-01,-2.427622810521206376e-01,-2.384696405260589569e-01,-2.340022875480879949e-01,-2.295349345701170052e-01,-2.250675815921460432e-01,-2.206002286141750257e-01,-2.161328756362040637e-01,-2.116655226582331017e-01,-2.071981696802621120e-01,-2.027308167022911500e-01,-1.982634637243201325e-01,-1.937961107463491983e-01,-1.860829990011433621e-01,-1.763262613654562327e-01,-1.665695237297692144e-01,-1.568127860940821128e-01,-1.470560484583950944e-01,-1.372993108227079651e-01,-1.275425731870209467e-01,-1.177858355513339145e-01,-1.080290979156467990e-01,-9.827236027995978063e-02,-8.851562264427266513e-02,-7.946182194875797689e-02,-7.228251976036904891e-02,-6.510321757198027359e-02,-5.792391538359149827e-02,-5.074461319520271602e-02,-4.356531100681378804e-02,-3.638600881842501272e-02,-2.920670663003623047e-02,-2.202740444164745515e-02,-1.484810225325867983e-02,-7.668800064869751854e-03,-4.894978764809765348e-04,1.262730356078642542e-02,2.617855616260584412e-02,3.972980876442526454e-02,5.328106136624495559e-02,6.683231396806436908e-02,8.038356656988379645e-02,9.393481917170320994e-02,1.074860717735226373e-01,1.210373243753423284e-01,1.345885769771617557e-01,1.481398295789811692e-01,1.700139997710628237e-01,1.976501898333258844e-01,2.252863798955895003e-01,2.529225699578525610e-01,2.805587600201155940e-01,3.081949500823786825e-01,3.358311401446417710e-01,3.634673302069053591e-01,3.911035202691684476e-01,4.187397103314315361e-01,4.463759003936945691e-01,4.713223159147593155e-01,4.881994078122296465e-01,5.050764997096995890e-01,5.219535916071695869e-01,5.388306835046395848e-01,5.557077754021095828e-01,5.725848672995799138e-01,5.894619591970499117e-01,6.063390510945199097e-01,6.232161429919897966e-01,6.400932348894597945e-01,6.569703267869301255e-01,6.727473012182052514e-01,6.884142639028608679e-01,7.040812265875164844e-01,7.197481892721721008e-01,7.354151519568280504e-01,7.510821146414836669e-01,7.667490773261392834e-01,7.824160400107948998e-01,7.980830026954505163e-01,8.137499653801064659e-01,8.294169280647620823e-01,8.397650450296668678e-01,8.460708392475611017e-01,8.523766334654553356e-01,8.586824276833496805e-01,8.649882219012440254e-01,8.712940161191382593e-01,8.775998103370324932e-01,8.839056045549267271e-01,8.902113987728210720e-01,8.965171929907153059e-01,9.028229872086096508e-01,9.087002683979076290e-01,9.131206052899786263e-01,9.175409421820497347e-01,9.219612790741207320e-01,9.263816159661917293e-01,9.308019528582627267e-01,9.352222897503337240e-01,9.396426266424047213e-01,9.440629635344757187e-01,9.484833004265467160e-01,9.529036373186177133e-01,9.573239742106888217e-01,9.609877812519217466e-01,9.645545972866369500e-01,9.681214133213521533e-01,9.716882293560674677e-01,9.752550453907827821e-01,9.788218614254979855e-01,9.823886774602131888e-01,9.859554934949285032e-01,9.895223095296437066e-01,9.930891255643590210e-01,9.966559415990742243e-01,9.977175628747358971e-01,9.966915218511861463e-01,9.956654808276365065e-01,9.946394398040867557e-01,9.936133987805371159e-01,9.925873577569873651e-01,9.915613167334377254e-01,9.905352757098879746e-01,9.895092346863383348e-01,9.884831936627885840e-01,9.874571526392389442e-01,9.834526158207920199e-01,9.678650397999692956e-01,9.522774637791465713e-01,9.366898877583238470e-01,9.211023117375012337e-01,9.055147357166783983e-01,8.899271596958557851e-01,8.743395836750330608e-01,8.587520076542103364e-01,8.431644316333869460e-01,8.275768556125642217e-01,8.119892795917414974e-01,8.053266099023598246e-01,8.000731359495211192e-01,7.948196619966825249e-01,7.895661880438439306e-01,7.843127140910052253e-01,7.790592401381666310e-01,7.738057661853279257e-01,7.685522922324891093e-01,7.632988182796504040e-01,7.580453443268118097e-01,7.527918703739732154e-01,7.392376683641299628e-01,7.181045407370222344e-01,6.969714131099145060e-01,6.758382854828067776e-01,6.547051578556990492e-01,6.335720302285913208e-01,6.124389026014827042e-01,5.913057749743749758e-01,5.701726473472672474e-01,5.490395197201595190e-01,5.279063920930517906e-01,5.070060708349174439e-01,4.871533782371632038e-01,4.673006856394089081e-01,4.474479930416546125e-01,4.275953004439003724e-01,4.077426078461452996e-01,3.878899152483910040e-01,3.680372226506367639e-01,3.481845300528824683e-01,3.283318374551281726e-01,3.084791448573739325e-01,2.886264522596196369e-01,2.824071468263930629e-01,2.787671308567256645e-01,2.751271148870582661e-01,2.714870989173907012e-01,2.678470829477233028e-01,2.642070669780558489e-01,2.605670510083884506e-01,2.569270350387210522e-01,2.532870190690536538e-01,2.496470030993862554e-01,2.460069871297188293e-01,2.412461775288722299e-01,2.353645742968464294e-01,2.294829710648204069e-01,2.236013678327946064e-01,2.177197646007688059e-01,2.118381613687430054e-01,2.059565581367172049e-01,2.000749549046914044e-01,1.941933516726656039e-01,1.883117484406398034e-01,1.824301452086140030e-01,1.770204619947585711e-01,1.741052131626616983e-01,1.711899643305648533e-01,1.682747154984679805e-01,1.653594666663711077e-01,1.624442178342742349e-01,1.595289690021773621e-01,1.566137201700804893e-01,1.536984713379836442e-01,1.507832225058867714e-01,1.478679736737897876e-01,1.449527248416929148e-01,1.396117326098219869e-01,1.337316862891124725e-01,1.278516399684029581e-01,1.219715936476934576e-01,1.160915473269839571e-01,1.102115010062744427e-01,1.043314546855649422e-01,9.845140836485544167e-02,9.257136204414569136e-02,8.669131572343619085e-02,8.081126940272667647e-02,8.125353242415327137e-02,8.862022948696635094e-02,9.598692654977941663e-02,1.033536236125925101e-01,1.107203206754055758e-01,1.180870177382186692e-01,1.254537148010317349e-01,1.328204118638451336e-01,1.401871089266581993e-01,1.475538059894712650e-01,1.549205030522843585e-01,1.593433801687413054e-01,1.451220642916122849e-01,1.309007484144832922e-01,1.166794325373542857e-01,1.024581166602252791e-01,8.823680078309627250e-02,7.401548490596669694e-02,5.979416902883769036e-02,4.557285315170868378e-02,3.135153727457967721e-02,1.713022139745065675e-02,2.908905520321664051e-03,0.000000000000000000e+00,0.000000000000000000e+00,0.000000000000000000e+00,0.000000000000000000e+00,0.000000000000000000e+00,0.000000000000000000e+00,0.000000000000000000e+00,0.000000000000000000e+00,0.000000000000000000e+00,0.000000000000000000e+00,0.000000000000000000e+00,0.000000000000000000e+00,0.000000000000000000e+00,0.000000000000000000e+00,0.000000000000000000e+00,0.000000000000000000e+00,0.000000000000000000e+00,0.000000000000000000e+00,0.000000000000000000e+00,0.000000000000000000e+00,0.000000000000000000e+00,0.000000000000000000e+00,-5.148728588215683178e-04,-5.045754016451478585e-03,-9.576635174081206056e-03,-1.410751633171093526e-02,-1.863839748934066273e-02,-2.316927864697039194e-02,-2.770015980460011767e-02,-3.223104096222984688e-02,-3.676192211985957609e-02,-4.129280327748930529e-02,-4.582368443511902756e-02,-5.035456559274894411e-02,-6.932545863654894502e-02,-9.254341399980992033e-02,-1.157613693630708818e-01,-1.389793247263318432e-01,-1.621972800895928324e-01,-1.854152354528537938e-01,-2.086331908161147553e-01,-2.318511461793757167e-01,-2.550691015426367336e-01,-2.782870569058986110e-01,-3.015050122691595447e-01,-3.180985394925306409e-01,-3.259757139002581461e-01,-3.338528883079857068e-01,-3.417300627157132120e-01,-3.496072371234407727e-01,-3.574844115311682780e-01,-3.653615859388957832e-01,-3.732387603466233439e-01,-3.811159347543511822e-01,-3.889931091620787429e-01,-3.968702835698062481e-01,-4.043319440757137118e-01,-4.076384655634234244e-01,-4.109449870511333591e-01,-4.142515085388430163e-01,-4.175580300265526734e-01,-4.208645515142623306e-01,-4.241710730019719877e-01,-4.274775944896817004e-01,-4.307841159773913575e-01,-4.340906374651010147e-01,-4.373971589528106718e-01,-4.407036804405203290e-01,-4.541918055899734630e-01,-4.710737986266740340e-01,-4.879557916633746051e-01,-5.048377847000752316e-01,-5.217197777367758027e-01,-5.386017707734763738e-01,-5.554837638101769448e-01,-5.723657568468774048e-01,-5.892477498835780869e-01,-6.061297429202799902e-01,-6.230117359569805613e-01,-6.334334619626397211e-01,-6.345236911456856310e-01,-6.356139203287315409e-01,-6.367041495117774508e-01,-6.377943786948234717e-01,-6.388846078778693816e-01,-6.399748370609152914e-01,-6.410650662439612013e-01,-6.421552954270071112e-01,-6.432455246100530211e-01,-6.443357537930990420e-01,-6.463171370506151092e-01,-6.604776259925556614e-01,-6.746381149344962136e-01,-6.887986038764367658e-01,-7.029590928183773180e-01,-7.171195817603178702e-01,-7.312800707022584223e-01,-7.454405596442000848e-01,-7.596010485861406369e-01,-7.737615375280811891e-01,-7.879220264700217413e-01,-8.020825154119622935e-01,-8.125005774580742468e-01,-8.215152294182506143e-01,-8.305298813784270928e-01,-8.395445333386035713e-01,-8.485591852987799388e-01,-8.575738372589564174e-01,-8.665884892191328959e-01,-8.756031411793092634e-01,-8.846177931394857419e-01,-8.936324450996622204e-01,-9.026470970598385879e-01,-9.087281907138983206e-01,-9.101501035288313002e-01,-9.115720163437642798e-01,-9.129939291586972594e-01,-9.144158419736303500e-01,-9.158377547885633296e-01,-9.172596676034963092e-01,-9.186815804184292888e-01,-9.201034932333622685e-01,-9.215254060482952481e-01,-9.229473188632282277e-01,-9.243521743391516221e-01,-9.253988256958740610e-01,-9.264454770525963889e-01,-9.274921284093187168e-01,-9.285387797660410447e-01,-9.295854311227634836e-01,-9.306320824794858115e-01,-9.316787338362081394e-01,-9.327253851929304673e-01,-9.337720365496529062e-01,-9.348186879063752341e-01,-9.358653392630975620e-01,-9.396560070020490985e-01,-9.445973912883873780e-01,-9.495387755747253244e-01,-9.544801598610633819e-01,-9.594215441474013284e-01,-9.643629284337392749e-01,-9.693043127200772213e-01,-9.742456970064151678e-01,-9.791870812927532253e-01,-9.841284655790911717e-01,-9.890698498654291182e-01,-9.923921239045037090e-01,-9.928809550108678161e-01,-9.933697861172318122e-01,-9.938586172235959193e-01,-9.943474483299599154e-01,-9.948362794363239114e-01,-9.953251105426880185e-01,-9.958139416490520146e-01,-9.963027727554161217e-01,-9.967916038617802288e-01,-9.972804349681442249e-01,-9.977626489494286766e-01,-9.979603265522903888e-01,-9.981580041551521010e-01,-9.983556817580138132e-01,-9.985533593608755254e-01,-9.987510369637372376e-01,-9.989487145665990608e-01,-9.991463921694607730e-01,-9.993440697723224853e-01,-9.995417473751841975e-01,-9.997394249780459097e-01,-9.999371025809076219e-01,-1.000000000000000000e+00,-1.000000000000000000e+00,-1.000000000000000000e+00,-1.000000000000000000e+00,-1.000000000000000000e+00,-1.000000000000000000e+00,-1.000000000000000000e+00,-1.000000000000000000e+00,-1.000000000000000000e+00,-1.000000000000000000e+00,-1.000000000000000000e+00,-9.812044034554068261e-01,-9.260706535912744952e-01,-8.709369037271420533e-01,-8.158031538630096113e-01,-7.606694039988771694e-01,-7.055356541347447275e-01,-6.504019042706123965e-01,-5.952681544064799546e-01,-5.401344045423475126e-01,-4.850006546782150707e-01,-4.298669048140826288e-01,-3.747331549499502423e-01,1.100000000000000089e+00
-9.963721756685369746e-01,-9.767212297315237546e-01,-9.570702837945106456e-01,-9.374193378574974256e-01,-9.177683919204843166e-01,-8.981174459834710966e-01,-8.784665000464579876e-01,-8.588155541094447676e-01,-8.391646081724316586e-01,-8.195136622354184386e-01,-7.998627162984053296e-01,-7.849149684694772811e-01,-7.775445953702421198e-01,-7.701742222710068475e-01,-7.628038491717716862e-01,-7.554334760725364140e-01,-7.480631029733011417e-01,-7.406927298740659804e-01,-7.333223567748307081e-01,-7.259519836755955469e-01,-7.185816105763602746e-01,-7.112112374771251133e-01,-7.094319443591323715e-01,-7.093610367909638503e-01,-7.092901292227952181e-01,-7.092192216546265859e-01,-7.091483140864579537e-01,-7.090774065182894326e-01,-7.090064989501208004e-01,-7.089355913819521682e-01,-7.088646838137836470e-01,-7.087937762456150148e-01,-7.067822326979789072e-01,-6.936813406962426543e-01,-6.805804486945065124e-01,-6.674795566927702595e-01,-6.543786646910340066e-01,-6.412777726892977537e-01,-6.281768806875616118e-01,-6.150759886858253589e-01,-6.019750966840891060e-01,-5.888742046823528531e-01,-5.757733126806166002e-01,-5.710294542872893508e-01,-5.736397854693617848e-01,-5.762501166514343298e-01,-5.788604478335068748e-01,-5.814707790155793088e-01,-5.840811101976518538e-01,-5.866914413797243988e-01,-5.893017725617969438e-01,-5.919121037438693778e-01,-5.945224349259419228e-01,-5.971327661080144678e-01,-5.893282012577454321e-01,-5.805548088695843267e-01,-5.717814164814231104e-01,-5.630080240932618940e-01,-5.542346317051006777e-01,-5.454612393169394613e-01,-5.366878469287782449e-01,-5.279144545406171396e-01,-5.191410621524558122e-01,-5.103676697642947069e-01,-5.026085973198971546e-01,-4.972404218857999769e-01,-4.918722464517027992e-01,-4.865040710176055661e-01,-4.811358955835083884e-01,-4.757677201494111552e-01,-4.703995447153139775e-01,-4.650313692812167443e-01,-4.596631938471196221e-01,-4.542950184130223890e-01,-4.489268429789252113e-01,-4.388565307793321213e-01,-4.265820919709129577e-01,-4.143076531624936831e-01,-4.020332143540745196e-01,-3.897587755456552450e-01,-3.774843367372360814e-01,-3.652098979288168623e-01,-3.529354591203976987e-01,-3.406610203119784241e-01,-3.283865815035592606e-01,-3.166327119657753042e-01,-3.125138583973091078e-01,-3.083950048288429668e-01,-3.042761512603767704e-01,-3.001572976919106850e-01,-2.960384441234444886e-01,-2.919195905549782921e-01,-2.878007369865121512e-01,-2.836818834180460103e-01,-2.795630298495798693e-01,-2.754441762811136729e-01,-2.616697118570162073e-01,-2.359406816116609296e-01,-2.102116513663061514e-01,-1.844826211209508737e-01,-1.587535908755955960e-01,-1.330245606302403460e-01,-1.072955303848855402e-01,-8.156650013953029021e-02,-5.583746989417501250e-02,-3.010843964881973478e-02,-4.379409403464928907e-03,0.000000000000000000e+00,0.000000000000000000e+00,0.000000000000000000e+00,0.000000000000000000e+00,0.000000000000000000e+00,0.000000000000000000e+00,0.000000000000000000e+00,0.000000000000000000e+00,0.000000000000000000e+00,0.000000000000000000e+00,2.984717300402884004e-03,1.701288861229606833e-02,3.104105992418951590e-02,4.506923123608296694e-02,5.909740254797641451e-02,7.312557385986960534e-02,8.715374517176305291e-02,1.011819164836565005e-01,1.152100877955499481e-01,1.292382591074431319e-01,1.432664304193365656e-01,1.688417621302281124e-01,2.022526669690113965e-01,2.356635718077947361e-01,2.690744766465774096e-01,3.024853814853606937e-01,3.358962863241440333e-01,3.693071911629273174e-01,4.027180960017099354e-01,4.361290008404933305e-01,4.695399056792766146e-01,5.029508105180598987e-01,5.169034886380481364e-01,5.304331618293672834e-01,5.439628350206864305e-01,5.574925082120054665e-01,5.710221814033243914e-01,5.845518545946435385e-01,5.980815277859625745e-01,6.116112009772817215e-01,6.251408741686006465e-01,6.386705473599196825e-01,6.508928680044724358e-01,6.608080959194373438e-01,6.707233238344020299e-01,6.806385517493669379e-01,6.905537796643317350e-01,7.004690075792966431e-01,7.103842354942613291e-01,7.202994634092262372e-01,7.302146913241911452e-01,7.401299192391560533e-01,7.500451471541207393e-01,7.510671758166167500e-01,7.490401075925517960e-01,7.470130393684867309e-01,7.449859711444217769e-01,7.429589029203569339e-01,7.409318346962918689e-01,7.389047664722269149e-01,7.368776982481619608e-01,7.348506300240971179e-01,7.328235618000320528e-01,7.313654954206888492e-01,7.337956083136109031e-01,7.362257212065329570e-01,7.386558340994550109e-01,7.410859469923770648e-01,7.435160598852991187e-01,7.459461727782211726e-01,7.483762856711432265e-01,7.508063985640651694e-01,7.532365114569873343e-01,7.556666243499093882e-01,7.610888230405014054e-01,7.693784372871939059e-01,7.776680515338864064e-01,7.859576657805789068e-01,7.942472800272714073e-01,8.025368942739635747e-01,8.108265085206560752e-01,8.191161227673486867e-01,8.274057370140411871e-01,8.356953512607336876e-01,8.439849655074261880e-01,8.461427975481429220e-01,8.475706555167197287e-01,8.489985134852965354e-01,8.504263714538733421e-01,8.518542294224501488e-01,8.532820873910269555e-01,8.547099453596036511e-01,8.561378033281804578e-01,8.575656612967572645e-01,8.589935192653340712e-01,8.625313221385972895e-01,8.715874424548858412e-01,8.806435627711747260e-01,8.896996830874636109e-01,8.987558034037523846e-01,9.078119237200412694e-01,9.168680440363301543e-01,9.259241643526190391e-01,9.349802846689079239e-01,9.440364049851964756e-01,9.530925253014853604e-01,9.576982352610994287e-01,9.600069592301716526e-01,9.623156831992438764e-01,9.646244071683161003e-01,9.669331311373882132e-01,9.692418551064604371e-01,9.715505790755325499e-01,9.738593030446047738e-01,9.761680270136768867e-01,9.784767509827491105e-01,9.807596366191470016e-01,9.824611597703718502e-01,9.841626829215968097e-01,9.858642060728217693e-01,9.875657292240467289e-01,9.892672523752715774e-01,9.909687755264965370e-01,9.926702986777214965e-01,9.943718218289464561e-01,9.960733449801713046e-01,9.977748681313962642e-01,9.988023453356464909e-01,9.989198605114807394e-01,9.990373756873149880e-01,9.991548908631492365e-01,9.992724060389835961e-01,9.993899212148178446e-01,9.995074363906520931e-01,9.996249515664863416e-01,9.997424667423205902e-01,9.998599819181549497e-01,9.999774970939891983e-01,1.000000000000000000e+00,1.000000000000000000e+00,1.000000000000000000e+00,1.000000000000000000e+00,1.000000000000000000e+00,1.000000000000000000e+00,1.000000000000000000e+00,1.000000000000000000e+00,1.000000000000000000e+00,1.000000000000000000e+00,9.986349017909622594e-01,9.915060555882090343e-01,9.843772093854558092e-01,9.772483631827026951e-01,9.701195169799494700e-01,9.629906707771962449e-01,9.558618245744433528e-01,9.487329783716901277e-01,9.416041321689370136e-01,9.344752859661837885e-01,9.273464397634305634e-01,9.159248200822043273e-01,9.013233681947018239e-01,8.867219163071992094e-01,8.721204644196972611e-01,8.575190125321946466e-01,8.429175606446921432e-01,8.283161087571895287e-01,8.137146568696870252e-01,7.991132049821844108e-01,7.845117530946819073e-01,7.699103012071792929e-01,7.582047951437460576e-01,7.466279977836043358e-01,7.350512004234626140e-01,7.234744030633208922e-01,7.118976057031790594e-01,7.003208083430373376e-01,6.887440109828956158e-01,6.771672136227538941e-01,6.655904162626125053e-01,6.540136189024707836e-01,6.421036269885791459e-01,6.295480706267970739e-01,6.169925142650148908e-01,6.044369579032328188e-01,5.918814015414507468e-01,5.793258451796685637e-01,5.667702888178864917e-01,5.542147324561048638e-01,5.416591760943227918e-01,5.291036197325406087e-01,5.165480633707585367e-01,5.096645392360332760e-01,5.049497333057711979e-01,5.002349273755090087e-01,4.955201214452468195e-01,4.908053155149848523e-01,4.860905095847226631e-01,4.813757036544605294e-01,4.766608977241983403e-01,4.719460917939362066e-01,4.672312858636740174e-01,4.612541170535646717e-01,4.446731000527389677e-01,4.280920830519139297e-01,4.115110660510882812e-01,3.949300490502625771e-01,3.783490320494369286e-01,3.617680150486112245e-01,3.451869980477855204e-01,3.286059810469598719e-01,3.120249640461342233e-01,2.954439470453091854e-01,2.836473838293371852e-01,2.768432941279956316e-01,2.700392044266541336e-01,2.632351147253126356e-01,2.564310250239710820e-01,2.496269353226295840e-01,2.428228456212880859e-01,2.360187559199465601e-01,2.292146662186053119e-01,2.224105765172638138e-01,2.156064868159222603e-01,2.054909650416535671e-01,1.948908434518344668e-01,1.842907218620153664e-01,1.736906002721962661e-01,1.630904786823771657e-01,1.524903570925584539e-01,1.418902355027393813e-01,1.312901139129202532e-01,1.206899923231011529e-01,1.100898707332820525e-01,9.973854000407771092e-02,9.011284928499833924e-02,8.048715856591896756e-02,7.086146784683959587e-02,6.123577712776021725e-02,5.161008640868084557e-02,4.198439568960147389e-02,3.235870497052209527e-02,2.273301425144272359e-02,1.310732353236335190e-02,3.481632813283980221e-03,-3.411968150249248405e-03,-8.757384918973031354e-03,-1.410280168769681257e-02,-1.944821845642059552e-02,-2.479363522514437673e-02,-3.013905199386775549e-02,-3.548446876259153671e-02,-4.082988553131532139e-02,-4.617530230003910607e-02,-5.152071906876288382e-02,-5.753539537502071199e-02,-9.433601040787790992e-02,-1.311366254407350940e-01,-1.679372404735922919e-01,-2.047378555064495176e-01,-2.415384705393067155e-01,-2.783390855721638579e-01,-3.151397006050210559e-01,-3.519403156378782538e-01,-3.887409306707354517e-01,-4.255415457035926496e-01,-4.483012641381293184e-01,-4.503691349540908662e-01,-4.524370057700524694e-01,-4.545048765860140727e-01,-4.565727474019756760e-01,-4.586406182179372237e-01,-4.607084890338988270e-01,-4.627763598498604303e-01,-4.648442306658220335e-01,-4.669121014817835813e-01,-4.689799722977451846e-01,-4.841391410564031550e-01,-5.028364984482223132e-01,-5.215338558400414160e-01,-5.402312132318606297e-01,-5.589285706236797324e-01,-5.776259280154989462e-01,-5.963232854073167166e-01,-6.150206427991358193e-01,-6.337180001909550331e-01,-6.524153575827741358e-01,-6.715703015462319847e-01,-6.929559800464289987e-01,-7.143416585466260127e-01,-7.357273370468229157e-01,-7.571130155470199297e-01,-7.784986940472169437e-01,-7.998843725474138466e-01,-8.212700510476108606e-01,-8.426557295478077636e-01,-8.640414080480047776e-01,-8.854270865482016806e-01,-8.984907578908054582e-01,-9.048328080676608653e-01,-9.111748582445168276e-01,-9.175169084213726789e-01,-9.238589585982285302e-01,-9.302010087750844924e-01,-9.365430589519403437e-01,-9.428851091287961950e-01,-9.492271593056521573e-01,-9.555692094825080085e-01,-9.619112596593639708e-01,-9.580166767664680672e-01,-9.534241416188163898e-01,-9.488316064711646014e-01,-9.442390713235129240e-01,-9.396465361758612467e-01,-9.350540010282094583e-01,-9.304614658805577809e-01,-9.258689307329063256e-01,-9.212763955852546482e-01,-9.166838604376029709e-01,-9.146082193180629094e-01,-9.179019521251622349e-01,-9.211956849322614493e-01,-9.244894177393607748e-01,-9.277831505464599893e-01,-9.310768833535593147e-01,-9.343706161606586402e-01,-9.376643489677578547e-01,-9.409580817748571802e-01,-9.442518145819563946e-01,-9.475455473890557201e-01,-9.514180012677814213e-01,-9.555359731768940934e-01,-9.596539450860064324e-01,-9.637719169951191045e-01,-9.678898889042316656e-01,-9.720078608133443376e-01,-9.761258327224570097e-01,-9.802438046315696818e-01,-9.843617765406823539e-01,-9.884797484497950260e-01,-9.922405369305457024e-01,-9.921616035564047031e-01,-9.920826701822637039e-01,-9.920037368081227047e-01,-9.919248034339817055e-01,-9.918458700598407063e-01,-9.917669366856997071e-01,-9.916880033115587079e-01,-9.916090699374177087e-01,-9.915301365632767094e-01,-9.914512031891357102e-01,-9.917879692922270118e-01,-9.925971211649007309e-01,-9.934062730375743389e-01,-9.942154249102479469e-01,-9.950245767829216659e-01,-9.958337286555952739e-01,-9.966428805282688819e-01,-9.974520324009426009e-01,-9.982611842736162089e-01,-9.990703361462898169e-01,-9.998794880189635359e-01,-1.000000000000000000e+00,-1.000000000000000000e+00,-1.000000000000000000e+00,-1.000000000000000000e+00,-1.000000000000000000e+00,-1.000000000000000000e+00,-1.000000000000000000e+00,-1.000000000000000000e+00,-1.000000000000000000e+00,-1.000000000000000000e+00,-9.999033683732190259e-01,-9.994904877860638637e-01,-9.990776071989087015e-01,-9.986647266117535393e-01,-9.982518460245983771e-01,-9.978389654374432149e-01,-9.974260848502880528e-01,-9.970132042631328906e-01,-9.966003236759777284e-01,-9.961874430888225662e-01,-9.957745625016675151e-01,-9.937604107547588494e-01,-9.907523665638651167e-01,-9.877443223729713839e-01,-9.847362781820776512e-01,-9.817282339911839184e-01,-9.787201898002901856e-01,-9.757121456093964529e-01,-9.727041014185027201e-01,-9.696960572276089874e-01,-9.666880130367152546e-01,-9.636799688458215218e-01,1.000000000000000000e+00
-1.000000000000000000e+00,-1.000000000000000000e+00,-1.000000000000000000e+00,-1.000000000000000000e+00,-1.000000000000000000e+00,-1.000000000000000000e+00,-1.000000000000000000e+00,-1.000000000000000000e+00,-1.000000000000000000e+00,-1.000000000000000000e+00,-1.000000000000000000e+00,-1.000000000000000000e+00,-1.000000000000000000e+00,-1.000000000000000000e+00,-1.000000000000000000e+00,-1.000000000000000000e+00,-1.000000000000000000e+00,-1.000000000000000000e+00,-1.000000000000000000e+00,-1.000000000000000000e+00,-1.000000000000000000e+00,-1.000000000000000000e+00,-1.000000000000000000e+00,-1.000000000000000000e+00,-9.868187131084543706e-01,-9.701482620397350320e-01,-9.534778109710156935e-01,-9.368073599022963549e-01,-9.201369088335770163e-01,-9.034664577648576778e-01,-8.867960066961382282e-01,-8.701255556274190006e-01,-8.534551045586995510e-01,-8.367846534899802124e-01,-8.201142024212608739e-01,-8.068252240878585058e-01,-8.083301889714678001e-01,-8.098351538550769835e-01,-8.113401187386862778e-01,-8.128450836222955722e-01,-8.143500485059048666e-01,-8.158550133895141609e-01,-8.173599782731234553e-01,-8.188649431567326387e-01,-8.203699080403419330e-01,-8.218748729239512274e-01,-8.233798378075605218e-01,-8.245617688868283057e-01,-8.255111156269702155e-01,-8.264604623671120143e-01,-8.274098091072539241e-01,-8.283591558473958338e-01,-8.293085025875377436e-01,-8.302578493276796534e-01,-8.312071960678214522e-01,-8.321565428079633620e-01,-8.331058895481052717e-01,-8.340552362882471815e-01,-8.350045830283890913e-01,-8.193472420213816498e-01,-8.032945036870612343e-01,-7.872417653527408188e-01,-7.711890270184204033e-01,-7.551362886840999877e-01,-7.390835503497794612e-01,-7.230308120154591567e-01,-7.069780736811386301e-01,-6.909253353468183256e-01,-6.748725970124977991e-01,-6.588198586781773836e-01,-6.429636644868442774e-01,-6.274391385368021101e-01,-6.119146125867599428e-01,-5.963900866367177755e-01,-5.808655606866756083e-01,-5.653410347366334410e-01,-5.498165087865912737e-01,-5.342919828365491064e-01,-5.187674568865069391e-01,-5.032429309364647718e-01,-4.877184049864226045e-01,-4.721938790363802707e-01,-4.675472718735581568e-01,-4.661970037371662157e-01,-4.648467356007742746e-01,-4.634964674643823890e-01,-4.621461993279904479e-01,-4.607959311915985068e-01,-4.594456630552065657e-01,-4.580953949188146246e-01,-4.567451267824226835e-01,-4.553948586460307979e-01,-4.540445905096388568e-01,-4.500451299943635797e-01,-4.324212515305447813e-01,-4.147973730667259273e-01,-3.971734946029067959e-01,-3.795496161390879419e-01,-3.619257376752691435e-01,-3.443018592114503451e-01,-3.266779807476315467e-01,-3.090541022838126928e-01,-2.914302238199938944e-01,-2.738063453561750960e-01,-2.561824668923562420e-01,-2.364483097888992469e-01,-2.150435154290620265e-01,-1.936387210692248062e-01,-1.722339267093876136e-01,-1.508291323495504210e-01,-1.294243379897132007e-01,-1.080195436298759804e-01,-8.661474927003878777e-02,-6.520995491020156742e-02,-4.380516055036434708e-02,-2.240036619052715450e-02,-9.955718306899341563e-04,0.000000000000000000e+00,0.000000000000000000e+00,0.000000000000000000e+00,0.000000000000000000e+00,0.000000000000000000e+00,0.000000000000000000e+00,0.000000000000000000e+00,0.000000000000000000e+00,0.000000000000000000e+00,0.000000000000000000e+00,0.000000000000000000e+00,2.774170169587179217e-03,1.072679132240366047e-02,1.867941247522014389e-02,2.663203362803662558e-02,3.458465478085310379e-02,4.253727593366959242e-02,5.048989708648607411e-02,5.844251823930255579e-02,6.639513939211903748e-02,7.434776054493551223e-02,8.230038169775200085e-02,9.025300285056847560e-02,1.179284305742712979e-01,1.523835730567162372e-01,1.868387155391612042e-01,2.212938580216061712e-01,2.557490005040511383e-01,2.902041429864961053e-01,3.246592854689410723e-01,3.591144279513859838e-01,3.935695704338309509e-01,4.280247129162759179e-01,4.624798553987208849e-01,4.938283036212210431e-01,5.060188039073947319e-01,5.182093041935683653e-01,5.303998044797419986e-01,5.425903047659156320e-01,5.547808050520892653e-01,5.669713053382628987e-01,5.791618056244365320e-01,5.913523059106101654e-01,6.035428061967837987e-01,6.157333064829577651e-01,6.279238067691313985e-01,6.407111693990104051e-01,6.540175427625462001e-01,6.673239161260821062e-01,6.806302894896179012e-01,6.939366628531536962e-01,7.072430362166894913e-01,7.205494095802253973e-01,7.338557829437611923e-01,7.471621563072969874e-01,7.604685296708328934e-01,7.737749030343686885e-01,7.870812763979044835e-01,7.942610967491980922e-01,8.009814256245736397e-01,8.077017544999490761e-01,8.144220833753245126e-01,8.211424122507000600e-01,8.278627411260754965e-01,8.345830700014509329e-01,8.413033988768264804e-01,8.480237277522019168e-01,8.547440566275774643e-01,8.614643855029529007e-01,8.676868430075430627e-01,8.728779955297927273e-01,8.780691480520420589e-01,8.832603005742917235e-01,8.884514530965411661e-01,8.936426056187907196e-01,8.988337581410403843e-01,9.040249106632898268e-01,9.092160631855393804e-01,9.144072157077888230e-01,9.195983682300384876e-01,9.247895207522878191e-01,9.299142576449399566e-01,9.350132852616185319e-01,9.401123128782974403e-01,9.452113404949760156e-01,9.503103681116549240e-01,9.554093957283334992e-01,9.605084233450124076e-01,9.656074509616909829e-01,9.707064785783698913e-01,9.758055061950484665e-01,9.809045338117272639e-01,9.855568370997345173e-01,9.868140354898385924e-01,9.880712338799426675e-01,9.893284322700467426e-01,9.905856306601508177e-01,9.918428290502548927e-01,9.931000274403589678e-01,9.943572258304630429e-01,9.956144242205671180e-01,9.968716226106713041e-01,9.981288210007752681e-01,9.993860193908794542e-01,1.000000000000000000e+00,1.000000000000000000e+00,1.000000000000000000e+00,1.000000000000000000e+00,1.000000000000000000e+00,1.000000000000000000e+00,1.000000000000000000e+00,1.000000000000000000e+00,1.000000000000000000e+00,1.000000000000000000e+00,1.000000000000000000e+00,1.000000000000000000e+00,9.999375498800596729e-01,9.998686946196126968e-01,9.997998393591657207e-01,9.997309840987187446e-01,9.996621288382716575e-01,9.995932735778246814e-01,9.995244183173777053e-01,9.994555630569307292e-01,9.993867077964837531e-01,9.993178525360366660e-01,9.992489972755896899e-01,9.969951004777695136e-01,9.896988001321653794e-01,9.824024997865610231e-01,9.751061994409570000e-01,9.678098990953525327e-01,9.605135987497485095e-01,9.532172984041440422e-01,9.459209980585400190e-01,9.386246977129355518e-01,9.313283973673315286e-01,9.240320970217271723e-01,9.167357966761230381e-01,9.100695488615189177e-01,9.036763238103483475e-01,8.972830987591781104e-01,8.908898737080075403e-01,8.844966486568371922e-01,8.781034236056666220e-01,8.717101985544962739e-01,8.653169735033257037e-01,8.589237484521553556e-01,8.525305234009847855e-01,8.461372983498144373e-01,8.390635980229976809e-01,8.253552637586326624e-01,8.116469294942670887e-01,7.979385952299020701e-01,7.842302609655366075e-01,7.705219267011715889e-01,7.568135924368060152e-01,7.431052581724409967e-01,7.293969239080754230e-01,7.156885896437104044e-01,7.019802553793448308e-01,6.882719211149799232e-01,6.802731660698454474e-01,6.782558749686672384e-01,6.762385838674889182e-01,6.742212927663107092e-01,6.722040016651325001e-01,6.701867105639542910e-01,6.681694194627759709e-01,6.661521283615977618e-01,6.641348372604194417e-01,6.621175461592412326e-01,6.601002550580629125e-01,6.580829639568847034e-01,6.560845713711632721e-01,6.540886654322125571e-01,6.520927594932618421e-01,6.500968535543111271e-01,6.481009476153603011e-01,6.461050416764095861e-01,6.441091357374588711e-01,6.421132297985081561e-01,6.401173238595573300e-01,6.381214179206067261e-01,6.361255119816559001e-01,6.333210509257649612e-01,6.284278224844447314e-01,6.235345940431247236e-01,6.186413656018044938e-01,6.137481371604844860e-01,6.088549087191642561e-01,6.039616802778442484e-01,5.990684518365240185e-01,5.941752233952040108e-01,5.892819949538837809e-01,5.843887665125636621e-01,5.794955380712435433e-01,5.658745335007374644e-01,5.480401197644169109e-01,5.302057060280970235e-01,5.123712922917764701e-01,4.945368785554566382e-01,4.767024648191360847e-01,4.588680510828162529e-01,4.410336373464956994e-01,4.231992236101750904e-01,4.053648098738552585e-01,3.875303961375347050e-01,3.700837479708274369e-01,3.578073073989532782e-01,3.455308668270795636e-01,3.332544262552054048e-01,3.209779856833317457e-01,3.087015451114575315e-01,2.964251045395838724e-01,2.841486639677096582e-01,2.718722233958359991e-01,2.595957828239618403e-01,2.473193422520881535e-01,2.350429016802139670e-01,2.229991530129075972e-01,2.112230000358531201e-01,1.994468470587991427e-01,1.876706940817446656e-01,1.758945411046906604e-01,1.641183881276361833e-01,1.523422351505822059e-01,1.405660821735277288e-01,1.287899291964737514e-01,1.170137762194192743e-01,1.052376232423652830e-01,9.346147026531081980e-02,8.501011661640842099e-02,7.709791961531396731e-02,6.918572261421983283e-02,6.127352561312538609e-02,5.336132861203125854e-02,4.544913161093680487e-02,3.753693460984268426e-02,2.962473760874823059e-02,2.171254060765409610e-02,1.380034360655965631e-02,5.888146605465521821e-03,-2.744944276013582245e-03,-1.347518099133835842e-02,-2.420541770666357825e-02,-3.493565442198835053e-02,-4.566589113731357036e-02,-5.639612785263834610e-02,-6.712636456796357287e-02,-7.785660128328834861e-02,-8.858683799861356845e-02,-9.931707471393834419e-02,-1.100473114292635640e-01,-1.207775481445883398e-01,-1.346276099920071523e-01,-1.501490067316199606e-01,-1.656704034712327411e-01,-1.811918002108455494e-01,-1.967131969504570810e-01,-2.122345936900698615e-01,-2.277559904296826421e-01,-2.432773871692954504e-01,-2.587987839089069819e-01,-2.743201806485197625e-01,-2.898415773881325430e-01,-3.051873746309388125e-01,-3.169333821892139080e-01,-3.286793897474880044e-01,-3.404253973057631000e-01,-3.521714048640381955e-01,-3.639174124223132911e-01,-3.756634199805873875e-01,-3.874094275388624831e-01,-3.991554350971375786e-01,-4.109014426554126187e-01,-4.226474502136867706e-01,-4.343934577719618662e-01,-4.410405249715103060e-01,-4.412468254021413849e-01,-4.414531258327724639e-01,-4.416594262634035428e-01,-4.418657266940346218e-01,-4.420720271246657007e-01,-4.422783275552967797e-01,-4.424846279859278586e-01,-4.426909284165589931e-01,-4.428972288471900720e-01,-4.431035292778211510e-01,-4.433098297084522299e-01,-4.522576542799742194e-01,-4.629052196566693644e-01,-4.735527850333636213e-01,-4.842003504100587663e-01,-4.948479157867538558e-01,-5.054954811634490008e-01,-5.161430465401432022e-01,-5.267906119168384027e-01,-5.374381772935334922e-01,-5.480857426702285817e-01,-5.587333080469228941e-01,-5.673842688252823674e-01,-5.694464344291344515e-01,-5.715086000329864246e-01,-5.735707656368382867e-01,-5.756329312406902599e-01,-5.776950968445422330e-01,-5.797572624483942061e-01,-5.818194280522460682e-01,-5.838815936560980413e-01,-5.859437592599500144e-01,-5.880059248638020986e-01,-5.900680904676538496e-01,-5.988104150265048942e-01,-6.115113522994295447e-01,-6.242122895723541953e-01,-6.369132268452778467e-01,-6.496141641182024973e-01,-6.623151013911272589e-01,-6.750160386640519095e-01,-6.877169759369755608e-01,-7.004179132099002114e-01,-7.131188504828249730e-01,-7.258197877557496236e-01,-7.385982586927819504e-01,-7.546331435223848638e-01,-7.706680283519878882e-01,-7.867029131815908016e-01,-8.027377980111923828e-01,-8.187726828407952961e-01,-8.348075676703983206e-01,-8.508424525000012340e-01,-8.668773373296041473e-01,-8.829122221592058395e-01,-8.989471069888087529e-01,-9.149819918184116663e-01,-9.255443660745006351e-01,-9.285060312007100691e-01,-9.314676963269198362e-01,-9.344293614531296033e-01,-9.373910265793393704e-01,-9.403526917055489154e-01,-9.433143568317586825e-01,-9.462760219579684495e-01,-9.492376870841782166e-01,-9.521993522103877616e-01,-9.551610173365975287e-01,-9.581226824628072958e-01,-9.583649555363596972e-01,-9.579856532835906435e-01,-9.576063510308215898e-01,-9.572270487780525361e-01,-9.568477465252834824e-01,-9.564684442725144287e-01,-9.560891420197453749e-01,-9.557098397669763212e-01,-9.553305375142072675e-01,-9.549512352614382138e-01,-9.545719330086691601e-01,-9.547449424541205598e-01,-9.570044627595160058e-01,-9.592639830649112298e-01,-9.615235033703065648e-01,-9.637830236757018998e-01,-9.660425439810973458e-01,-9.683020642864924588e-01,-9.705615845918879048e-01,-9.728211048972832398e-01,-9.750806252026785748e-01,-9.773401455080737987e-01,-9.795996658134692447e-01,-8.874735856605285855e-01,-7.336338436694482823e-01,-5.797941016783805246e-01,-4.259543596873002214e-01,-2.721146176962199181e-01,-1.182748757051395039e-01,3.556486628592803179e-02,1.894046082770084460e-01,3.432443502680888603e-01,4.970840922591692745e-01,6.509238342502368102e-01,8.047635762413171134e-01,1.200000000000000178e+00
-1.000000000000000000e+00,-1.000000000000000000e+00,-1.000000000000000000e+00,-1.000000000000000000e+00,-1.000000000000000000e+00,-1.000000000000000000e+00,-1.000000000000000000e+00,-1.000000000000000000e+00,-1.000000000000000000e+00,-1.000000000000000000e+00,-1.000000000000000000e+00,-9.917561355710285964e-01,-9.816574016455387186e-01,-9.715586677200487298e-01,-9.614599337945588520e-01,-9.513611998690689742e-01,-9.412624659435789853e-01,-9.311637320180891075e-01,-9.210649980925991187e-01,-9.109662641671092409e-01,-9.008675302416193631e-01,-8.944484464449731220e-01,-8.901659336908812614e-01,-8.858834209367895118e-01,-8.816009081826977622e-01,-8.773183954286059016e-01,-8.730358826745141521e-01,-8.687533699204224025e-01,-8.644708571663305419e-01,-8.601883444122387923e-01,-8.559058316581469317e-01,-8.503512934158189429e-01,-8.432356329833827768e-01,-8.361199725509466107e-01,-8.290043121185104447e-01,-8.218886516860742786e-01,-8.147729912536381125e-01,-8.076573308212020574e-01,-8.005416703887658914e-01,-7.934260099563297253e-01,-7.863103495238935592e-01,-7.777606495905935446e-01,-7.652397633472093341e-01,-7.527188771038250126e-01,-7.401979908604405800e-01,-7.276771046170563695e-01,-7.151562183736720479e-01,-7.026353321302877264e-01,-6.901144458869034048e-01,-6.775935596435190833e-01,-6.650726734001347618e-01,-6.539370015564566208e-01,-6.583849917094730664e-01,-6.628329818624895120e-01,-6.672809720155059576e-01,-6.717289621685224033e-01,-6.761769523215387379e-01,-6.806249424745551835e-01,-6.850729326275716291e-01,-6.895209227805880747e-01,-6.939689129336044093e-01,-6.984169030866208550e-01,-6.953734499539705460e-01,-6.914786964479490150e-01,-6.875839429419274840e-01,-6.836891894359059529e-01,-6.797944359298844219e-01,-6.758996824238628909e-01,-6.720049289178413598e-01,-6.681101754118198288e-01,-6.642154219057982978e-01,-6.603206683997767668e-01,-6.477319743708854771e-01,-6.316657041328461730e-01,-6.155994338948067579e-01,-5.995331636567675648e-01,-5.834668934187283718e-01,-5.674006231806890677e-01,-5.513343529426496525e-01,-5.352680827046104595e-01,-5.192018124665711554e-01,-5.031355422285317402e-01,-4.801843548833287789e-01,-4.511426639433271379e-01,-4.221009730033254970e-01,-3.930592820633238560e-01,-3.640175911233222150e-01,-3.349759001833201300e-01,-3.059342092433184890e-01,-2.768925183033168480e-01,-2.478508273633152070e-01,-2.188091364233135661e-01,-1.930348510485147828e-01,-1.734109761493919655e-01,-1.537871012502691481e-01,-1.341632263511459700e-01,-1.145393514520231526e-01,-9.491547655290033525e-02,-7.529160165377751790e-02,-5.566772675465470055e-02,-3.604385185553188320e-02,-1.641997695640906585e-02,0.000000000000000000e+00,0.000000000000000000e+00,0.000000000000000000e+00,0.000000000000000000e+00,0.000000000000000000e+00,0.000000000000000000e+00,0.000000000000000000e+00,0.000000000000000000e+00,0.000000000000000000e+00,0.000000000000000000e+00,0.000000000000000000e+00,4.478903465051142091e-02,9.051117418957500826e-02,1.362333137286385887e-01,1.819554532677021830e-01,2.276775928067666099e-01,2.733997323458302042e-01,3.191218718848937708e-01,3.648440114239573373e-01,4.105661509630209594e-01,4.562882905020845259e-01,4.750315062688763024e-01,4.868570492735468935e-01,4.986825922782177622e-01,5.105081352828884089e-01,5.223336782875589446e-01,5.341592212922295912e-01,5.459847642969002379e-01,5.578103073015708846e-01,5.696358503062415313e-01,5.814613933109122890e-01,5.912570550442742823e-01,5.997671253058074470e-01,6.082771955673405007e-01,6.167872658288736654e-01,6.252973360904068301e-01,6.338074063519399948e-01,6.423174766134731595e-01,6.508275468750064352e-01,6.593376171365395999e-01,6.678476873980727646e-01,6.750139208665352220e-01,6.803883719442367362e-01,6.857628230219382504e-01,6.911372740996397646e-01,6.965117251773413898e-01,7.018861762550429040e-01,7.072606273327444182e-01,7.126350784104459324e-01,7.180095294881474466e-01,7.233839805658489608e-01,7.299578641070961771e-01,7.402299977442761136e-01,7.505021313814561612e-01,7.607742650186360978e-01,7.710463986558160343e-01,7.813185322929958598e-01,7.915906659301757964e-01,8.018627995673557329e-01,8.121349332045356695e-01,8.224070668417157171e-01,8.327406044484686465e-01,8.440156695886735783e-01,8.552907347288785100e-01,8.665657998690834418e-01,8.778408650092883736e-01,8.891159301494933054e-01,9.003909952896982372e-01,9.116660604299031689e-01,9.229411255701081007e-01,9.342161907103130325e-01,9.454912558505179643e-01,9.505542709458918438e-01,9.547504883605913983e-01,9.589467057752908419e-01,9.631429231899903964e-01,9.673391406046899510e-01,9.715353580193893945e-01,9.757315754340889491e-01,9.799277928487885037e-01,9.841240102634879472e-01,9.883202276781875018e-01,9.901396417987992082e-01,9.909104662308427791e-01,9.916812906628863500e-01,9.924521150949299209e-01,9.932229395269734917e-01,9.939937639590170626e-01,9.947645883910605225e-01,9.955354128231040933e-01,9.963062372551476642e-01,9.970770616871912351e-01,9.975821329796585868e-01,9.978320812581326082e-01,9.980820295366067407e-01,9.983319778150808732e-01,9.985819260935550057e-01,9.988318743720291382e-01,9.990818226505032706e-01,9.993317709289774031e-01,9.995817192074514246e-01,9.998316674859255571e-01,9.971471353993413000e-01,9.884102375598246004e-01,9.796733397203079008e-01,9.709364418807910901e-01,9.621995440412743905e-01,9.534626462017576909e-01,9.447257483622408802e-01,9.359888505227241806e-01,9.272519526832074810e-01,9.185150548436906703e-01,9.086430832512951694e-01,8.919606691416261945e-01,8.752782550319571087e-01,8.585958409222881338e-01,8.419134268126191589e-01,8.252310127029496289e-01,8.085485985932805431e-01,7.918661844836115682e-01,7.751837703739425933e-01,7.585013562642736185e-01,7.418189421546046436e-01,7.315268994532208024e-01,7.215067874500618039e-01,7.114866754469029164e-01,7.014665634437439179e-01,6.914464514405849194e-01,6.814263394374259208e-01,6.714062274342669223e-01,6.613861154311080348e-01,6.513660034279490363e-01,6.413458914247897047e-01,6.194557541112646337e-01,5.941295568394759918e-01,5.688033595676874610e-01,5.434771622958988191e-01,5.181509650241102882e-01,4.928247677523216463e-01,4.674985704805331155e-01,4.421723732087445291e-01,4.168461759369559427e-01,3.915199786651673564e-01,3.744359920448954715e-01,3.630362886325662619e-01,3.516365852202370523e-01,3.402368818079078427e-01,3.288371783955781891e-01,3.174374749832489795e-01,3.060377715709197699e-01,2.946380681585905603e-01,2.832383647462613507e-01,2.718386613339321412e-01,2.633870187150148534e-01,2.592100642465448579e-01,2.550331097780748069e-01,2.508561553096047558e-01,2.466792008411347326e-01,2.425022463726647093e-01,2.383252919041946583e-01,2.341483374357246072e-01,2.299713829672545840e-01,2.257944284987843941e-01,2.213139363479416366e-01,2.157848594761750394e-01,2.102557826044084144e-01,2.047267057326418171e-01,1.991976288608752199e-01,1.936685519891086227e-01,1.881394751173420254e-01,1.826103982455754005e-01,1.770813213738088032e-01,1.715522445020422060e-01,1.655825162042713905e-01,1.492574793953996004e-01,1.329324425865278381e-01,1.166074057776560480e-01,1.002823689687836889e-01,8.395733215991191267e-02,6.763229535104013646e-02,5.130725854216836024e-02,3.498222173329657014e-02,1.865718492442480780e-02,2.332148115553017709e-03,0.000000000000000000e+00,0.000000000000000000e+00,0.000000000000000000e+00,0.000000000000000000e+00,0.000000000000000000e+00,0.000000000000000000e+00,0.000000000000000000e+00,0.000000000000000000e+00,0.000000000000000000e+00,0.000000000000000000e+00,-2.123184383807428730e-02,-5.275791499157773956e-02,-8.428398614508118836e-02,-1.158100572985846372e-01,-1.473361284520880998e-01,-1.788621996055915486e-01,-2.103882707590949974e-01,-2.419143419125984462e-01,-2.734404130661018950e-01,-3.049664842196053161e-01,-3.210225664090526343e-01,-3.209640767609409084e-01,-3.209055871128291826e-01,-3.208470974647174567e-01,-3.207886078166057309e-01,-3.207301181684940050e-01,-3.206716285203823347e-01,-3.206131388722706088e-01,-3.205546492241588830e-01,-3.204961595760471571e-01,-3.240903415464896353e-01,-3.359639125189881614e-01,-3.478374834914866875e-01,-3.597110544639852137e-01,-3.715846254364837398e-01,-3.834581964089822659e-01,-3.953317673814807920e-01,-4.072053383539793736e-01,-4.190789093264782883e-01,-4.309524802989768144e-01,-4.434887869305630947e-01,-4.607746991189435870e-01,-4.780606113073252450e-01,-4.953465234957057373e-01,-5.126324356840874508e-01,-5.299183478724678320e-01,-5.472042600608495455e-01,-5.644901722492312590e-01,-5.817760844376117513e-01,-5.990619966259934648e-01,-6.163479088143739570e-01,-6.189111339575698034e-01,-6.205141838586881731e-01,-6.221172337598067648e-01,-6.237202836609251344e-01,-6.253233335620436151e-01,-6.269263834631619847e-01,-6.285294333642804654e-01,-6.301324832653989461e-01,-6.317355331665174267e-01,-6.333385830676357964e-01,-6.391718435412928612e-01,-6.463770642006383405e-01,-6.535822848599831536e-01,-6.607875055193286329e-01,-6.679927261786735571e-01,-6.751979468380189253e-01,-6.824031674973638495e-01,-6.896083881567093288e-01,-6.968136088160542529e-01,-7.040188294753996212e-01,-7.162797723199741950e-01,-7.323325068034719498e-01,-7.483852412869687054e-01,-7.644379757704665712e-01,-7.804907102539632158e-01,-7.965434447374610816e-01,-8.125961792209589474e-01,-8.286489137044557030e-01,-8.447016481879534577e-01,-8.607543826714502133e-01,-8.677638125292516103e-01,-8.604943403464807572e-01,-8.532248681637094601e-01,-8.459553959809386070e-01,-8.386859237981673099e-01,-8.314164516153965678e-01,-8.241469794326251597e-01,-8.168775072498544176e-01,-8.096080350670831205e-01,-8.023385628843122674e-01,-7.967797920373865805e-01,-7.978927564002591399e-01,-7.990057207631315883e-01,-8.001186851260040367e-01,-8.012316494888764851e-01,-8.023446138517490445e-01,-8.034575782146214928e-01,-8.045705425774939412e-01,-8.056835069403663896e-01,-8.067964713032389490e-01,-8.081538857368187889e-01,-8.212449035643690776e-01,-8.343359213919182560e-01,-8.474269392194685446e-01,-8.605179570470178341e-01,-8.736089748745680117e-01,-8.866999927021181893e-01,-8.997910105296674788e-01,-9.128820283572176564e-01,-9.259730461847669458e-01,-9.390640640123172345e-01,-9.412108672226053852e-01,-9.412222139222088391e-01,-9.412335606218122930e-01,-9.412449073214157469e-01,-9.412562540210193118e-01,-9.412676007206227657e-01,-9.412789474202262197e-01,-9.412902941198296736e-01,-9.413016408194331275e-01,-9.413129875190365814e-01,-9.412900555419732029e-01,-9.412489130179305663e-01,-9.412077704938880407e-01,-9.411666279698454041e-01,-9.411254854458027674e-01,-9.410843429217602418e-01,-9.410432003977176052e-01,-9.410020578736750796e-01,-9.409609153496324430e-01,-9.409197728255898063e-01,-9.432508982920156937e-01,-9.482637180085361495e-01,-9.532765377250569383e-01,-9.582893574415772830e-01,-9.633021771580980719e-01,-9.683149968746188607e-01,-9.733278165911393165e-01,-9.783406363076601053e-01,-9.833534560241804501e-01,-9.883662757407012389e-01,-9.921728010169603706e-01,-9.929635901925665253e-01,-9.937543793681725690e-01,-9.945451685437786127e-01,-9.953359577193846564e-01,-9.961267468949907000e-01,-9.969175360705967437e-01,-9.977083252462028984e-01,-9.984991144218088310e-01,-9.992899035974149857e-01,-9.998120210425547327e-01,-9.979698272595923791e-01,-9.961276334766298035e-01,-9.942854396936673389e-01,-9.924432459107047633e-01,-9.906010521277422987e-01,-9.887588583447798340e-01,-9.869166645618173694e-01,-9.850744707788547938e-01,-9.832322769958923292e-01,-9.813900832129297536e-01,-9.820479051063842890e-01,-9.829279506155202961e-01,-9.838079961246563032e-01,-9.846880416337923103e-01,-9.855680871429283174e-01,-9.864481326520643245e-01,-9.873281781612003316e-01,-9.882082236703363387e-01,-9.890882691794723458e-01,-9.899683146886083529e-01,-9.899330444164439191e-01,-9.895672434454766409e-01,-9.892014424745093626e-01,-9.888356415035420843e-01,-9.884698405325746950e-01,-9.881040395616074168e-01,-9.877382385906401385e-01,-9.873724376196727492e-01,-9.870066366487054710e-01,-9.866408356777381927e-01,-9.872083256419861286e-01,-9.885362748867799754e-01,-9.898642241315738222e-01,-9.911921733763676690e-01,-9.925201226211614047e-01,-9.938480718659552515e-01,-9.951760211107489873e-01,-9.965039703555428341e-01,-9.978319196003365699e-01,-9.991598688451304167e-01,-9.894347135498160473e-01,-9.606736559909790918e-01,-9.319125984321441347e-01,-9.031515408733071792e-01,-8.743904833144702238e-01,-8.456294257556352667e-01,-8.168683681967983112e-01,-7.881073106379634652e-01,-7.593462530791263987e-01,-7.305851955202915526e-01,-7.110029617663724544e-01,-7.322155004787488375e-01,-7.534280391911267749e-01,-7.746405779035030470e-01,-7.958531166158809844e-01,-8.170656553282573675e-01,-8.382781940406353050e-01,-8.594907327530116881e-01,-8.807032714653895145e-01,-9.019158101777674519e-01,-9.231283488901438350e-01,1.200000000000000178e+00
-1.000000000000000000e+00,-1.000000000000000000e+00,-1.000000000000000000e+00,-1.000000000000000000e+00,-1.000000000000000000e+00,-1.000000000000000000e+00,-1.000000000000000000e+00,-1.000000000000000000e+00,-1.000000000000000000e+00,-1.000000000000000000e+00,-1.000000000000000000e+00,-1.000000000000000000e+00,-1.000000000000000000e+00,-1.000000000000000000e+00,-1.000000000000000000e+00,-1.000000000000000000e+00,-1.000000000000000000e+00,-1.000000000000000000e+00,-1.000000000000000000e+00,-1.000000000000000000e+00,-1.000000000000000000e+00,-1.000000000000000000e+00,-1.000000000000000000e+00,-1.000000000000000000e+00,-9.991751765550102027e-01,-9.981320174922290178e-01,-9.970888584294477219e-01,-9.960456993666665371e-01,-9.950025403038852412e-01,-9.939593812411040563e-01,-9.929162221783228715e-01,-9.918730631155415756e-01,-9.908299040527603907e-01,-9.897867449899790948e-01,-9.887435859271979099e-01,-9.859090178875034027e-01,-9.752370355738133600e-01,-9.645650532601233174e-01,-9.538930709464331636e-01,-9.432210886327431210e-01,-9.325491063190530783e-01,-9.218771240053629246e-01,-9.112051416916728819e-01,-9.005331593779828392e-01,-8.898611770642926855e-01,-8.791891947506026428e-01,-8.685172124369126001e-01,-8.562048511929170047e-01,-8.427114171191011360e-01,-8.292179830452854894e-01,-8.157245489714698428e-01,-8.022311148976540851e-01,-7.887376808238384385e-01,-7.752442467500227918e-01,-7.617508126762070342e-01,-7.482573786023913875e-01,-7.347639445285756299e-01,-7.212705104547599833e-01,-7.077770763809443366e-01,-7.065493145903044558e-01,-7.056135926159307070e-01,-7.046778706415569582e-01,-7.037421486671830984e-01,-7.028064266928093495e-01,-7.018707047184356007e-01,-7.009349827440618519e-01,-6.999992607696879920e-01,-6.990635387953142432e-01,-6.981278168209404944e-01,-6.971920948465666346e-01,-6.962857325120090923e-01,-6.954289145696412877e-01,-6.945720966272734831e-01,-6.937152786849057895e-01,-6.928584607425379849e-01,-6.920016428001701803e-01,-6.911448248578023756e-01,-6.902880069154346820e-01,-6.894311889730668774e-01,-6.885743710306990728e-01,-6.877175530883312682e-01,-6.868607351459635746e-01,-6.819448892572694820e-01,-6.757990348999917130e-01,-6.696531805427140549e-01,-6.635073261854362858e-01,-6.573614718281586278e-01,-6.512156174708808587e-01,-6.450697631136032006e-01,-6.389239087563254316e-01,-6.327780543990477735e-01,-6.266322000417700044e-01,-6.204863456844922354e-01,-6.127205893248993673e-01,-5.966239083819701028e-01,-5.805272274390409493e-01,-5.644305464961114627e-01,-5.483338655531823091e-01,-5.322371846102531556e-01,-5.161405036673238911e-01,-5.000438227243947376e-01,-4.839471417814655840e-01,-4.678504608385364305e-01,-4.517537798956072215e-01,-4.356570989526780124e-01,-4.183400003238511577e-01,-4.000567376936886022e-01,-3.817734750635259910e-01,-3.634902124333634355e-01,-3.452069498032008799e-01,-3.269236871730383243e-01,-3.086404245428757687e-01,-2.903571619127132131e-01,-2.720738992825506575e-01,-2.537906366523881019e-01,-2.355073740222255463e-01,-2.172241113920629907e-01,-2.082782039846492461e-01,-1.997877773198085405e-01,-1.912973506549678626e-01,-1.828069239901271570e-01,-1.743164973252864514e-01,-1.658260706604457457e-01,-1.573356439956050679e-01,-1.488452173307643622e-01,-1.403547906659236566e-01,-1.318643640010829787e-01,-1.233739373362422731e-01,-1.143028439054831896e-01,-1.041478391783431517e-01,-9.399283445120312774e-02,-8.383782972406308986e-02,-7.368282499692305199e-02,-6.352782026978301411e-02,-5.337281554264297623e-02,-4.321781081550293835e-02,-3.306280608836290047e-02,-2.290780136122286259e-02,-1.275279663408282471e-02,-2.597791906942786833e-03,0.000000000000000000e+00,0.000000000000000000e+00,0.000000000000000000e+00,0.000000000000000000e+00,0.000000000000000000e+00,0.000000000000000000e+00,0.000000000000000000e+00,0.000000000000000000e+00,0.000000000000000000e+00,0.000000000000000000e+00,0.000000000000000000e+00,4.103313578492453519e-03,3.351039422435553999e-02,6.291747487021862040e-02,9.232455551608170774e-02,1.217316361619447951e-01,1.511387168078078824e-01,1.805457974536709698e-01,2.099528780995340571e-01,2.393599587453971445e-01,2.687670393912602318e-01,2.981741200371239020e-01,3.275812006829870171e-01,3.500085482742291143e-01,3.663665627744968623e-01,3.827245772747646102e-01,3.990825917750323582e-01,4.154406062753001061e-01,4.317986207755678540e-01,4.481566352758356020e-01,4.645146497761033499e-01,4.808726642763710979e-01,4.972306787766388458e-01,5.135886932769065938e-01,5.299467077771743417e-01,5.491005511269674288e-01,5.684640816404749053e-01,5.878276121539823817e-01,6.071911426674898582e-01,6.265546731809973346e-01,6.459182036945048111e-01,6.652817342080122875e-01,6.846452647215197640e-01,7.040087952350272404e-01,7.233723257485347169e-01,7.427358562620423044e-01,7.582651719643931365e-01,7.658521855579204507e-01,7.734391991514475428e-01,7.810262127449748570e-01,7.886132263385019492e-01,7.962002399320292634e-01,8.037872535255566886e-01,8.113742671190836697e-01,8.189612807126110949e-01,8.265482943061380761e-01,8.341353078996655013e-01,8.417223214931924824e-01,8.463916044416944784e-01,8.499314432695413979e-01,8.534712820973884284e-01,8.570111209252353479e-01,8.605509597530823784e-01,8.640907985809292979e-01,8.676306374087763285e-01,8.711704762366232480e-01,8.747103150644702785e-01,8.782501538923171980e-01,8.817899927201642285e-01,8.855436456164164083e-01,8.909222854325486995e-01,8.963009252486808798e-01,9.016795650648132820e-01,9.070582048809453513e-01,9.124368446970777535e-01,9.178154845132098227e-01,9.231941243293422250e-01,9.285727641454744052e-01,9.339514039616066965e-01,9.393300437777388767e-01,9.447086835938712790e-01,9.492145882092660747e-01,9.528874274057753668e-01,9.565602666022846590e-01,9.602331057987939511e-01,9.639059449953032432e-01,9.675787841918125354e-01,9.712516233883217165e-01,9.749244625848311196e-01,9.785973017813403008e-01,9.822701409778497039e-01,9.859429801743588850e-01,9.896158193708682882e-01,9.904967397619783842e-01,9.910913095063809131e-01,9.916858792507834419e-01,9.922804489951859708e-01,9.928750187395884996e-01,9.934695884839911395e-01,9.940641582283936684e-01,9.946587279727961972e-01,9.952532977171987261e-01,9.958478674616012549e-01,9.964424372060037838e-01,9.969391284711029977e-01,9.972099463224252114e-01,9.974807641737473141e-01,9.977515820250695278e-01,9.980223998763916304e-01,9.982932177277138441e-01,9.985640355790359468e-01,9.988348534303581605e-01,9.991056712816802632e-01,9.993764891330024769e-01,9.996473069843245796e-01,9.999181248356467933e-01,1.000000000000000000e+00,1.000000000000000000e+00,1.000000000000000000e+00,1.000000000000000000e+00,1.000000000000000000e+00,1.000000000000000000e+00,1.000000000000000000e+00,1.000000000000000000e+00,1.000000000000000000e+00,1.000000000000000000e+00,1.000000000000000000e+00,9.993811444912908959e-01,9.927284477726701084e-01,9.860757510540489879e-01,9.794230543354280893e-01,9.727703576168070798e-01,9.661176608981861813e-01,9.594649641795650608e-01,9.528122674609442733e-01,9.461595707423231527e-01,9.395068740237023652e-01,9.328541773050812447e-01,9.262014805864604572e-01,9.196475143431764865e-01,9.131969800264364556e-01,9.067464457096962027e-01,9.002959113929561719e-01,8.938453770762159190e-01,8.873948427594759991e-01,8.809443084427356352e-01,8.744937741259957154e-01,8.680432398092554624e-01,8.615927054925154316e-01,8.551421711757751787e-01,8.486916368590351478e-01,8.434342782106200032e-01,8.383339163606690070e-01,8.332335545107176777e-01,8.281331926607665705e-01,8.230328308108153523e-01,8.179324689608642451e-01,8.128321071109130269e-01,8.077317452609619197e-01,8.026313834110105905e-01,7.975310215610595943e-01,7.924306597111082651e-01,7.822465876512041394e-01,7.589295975489203094e-01,7.356126074466374787e-01,7.122956173443537597e-01,6.889786272420709290e-01,6.656616371397870990e-01,6.423446470375042683e-01,6.190276569352205494e-01,5.957106668329377186e-01,5.723936767306538886e-01,5.490766866283710579e-01,5.257596965260873390e-01,5.126236604177406564e-01,5.044025676168109040e-01,4.961814748158815402e-01,4.879603820149518434e-01,4.797392892140224796e-01,4.715181964130927827e-01,4.632971036121634190e-01,4.550760108112337221e-01,4.468549180103039697e-01,4.386338252093746060e-01,4.304127324084449091e-01,4.217669521631269292e-01,4.074586726592941965e-01,3.931503931554620745e-01,3.788421136516293419e-01,3.645338341477971644e-01,3.502255546439644318e-01,3.359172751401323098e-01,3.216089956362995772e-01,3.073007161324674552e-01,2.929924366286347226e-01,2.786841571248026006e-01,2.643758776209698680e-01,2.501049452640282666e-01,2.358769621260102811e-01,2.216489789879928507e-01,2.074209958499748097e-01,1.931930127119573792e-01,1.789650295739393937e-01,1.647370464359219633e-01,1.505090632979039222e-01,1.362810801598864918e-01,1.220530970218684785e-01,1.078251138838510481e-01,9.359713074583303483e-02,8.481896957347904997e-02,7.692456331447541928e-02,6.903015705547213554e-02,6.113575079646850485e-02,5.324134453746520723e-02,4.534693827846158348e-02,3.745253201945828586e-02,2.955812576045466211e-02,2.166371950145136449e-02,1.376931324244774768e-02,5.874906983444450059e-03,-7.074395072253343748e-03,-3.472884853651371506e-02,-6.238330200077523563e-02,-9.003775546503560434e-02,-1.176922089292971180e-01,-1.453466623935575075e-01,-1.730011158578190211e-01,-2.006555693220793968e-01,-2.283100227863409104e-01,-2.559644762506012583e-01,-2.836189297148627997e-01,-3.112733831791231753e-01,-3.291789032325066477e-01,-3.418617803872063265e-01,-3.545446575419060053e-01,-3.672275346966056842e-01,-3.799104118513043082e-01,-3.925932890060039870e-01,-4.052761661607036658e-01,-4.179590433154033446e-01,-4.306419204701019687e-01,-4.433247976248015920e-01,-4.560076747795013263e-01,-4.680124776049592317e-01,-4.661167566809715224e-01,-4.642210357569839241e-01,-4.623253148329962148e-01,-4.604295939090085055e-01,-4.585338729850207962e-01,-4.566381520610332534e-01,-4.547424311370455441e-01,-4.528467102130577793e-01,-4.509509892890700700e-01,-4.490552683650825272e-01,-4.471595474410948179e-01,-4.526143584985000690e-01,-4.673540520587167180e-01,-4.820937456189321457e-01,-4.968334391791487392e-01,-5.115731327393654437e-01,-5.263128262995819817e-01,-5.410525198597975205e-01,-5.557922134200140585e-01,-5.705319069802307075e-01,-5.852716005404473565e-01,-6.000112941006627842e-01,-6.147509876608794332e-01,-6.259228286033619026e-01,-6.364009204257294883e-01,-6.468790122480962967e-01,-6.573571040704638824e-01,-6.678351958928314680e-01,-6.783132877151990536e-01,-6.887913795375657511e-01,-6.992694713599333367e-01,-7.097475631823009223e-01,-7.202256550046685080e-01,-7.307037468270352054e-01,-7.413871074649877047e-01,-7.527478551943701524e-01,-7.641086029237527111e-01,-7.754693506531342706e-01,-7.868300983825167183e-01,-7.981908461118991660e-01,-8.095515938412817247e-01,-8.209123415706632843e-01,-8.322730893000457320e-01,-8.436338370294282907e-01,-8.549945847588107384e-01,-8.663553324881922979e-01,-8.736720460259784771e-01,-8.785922948576334601e-01,-8.835125436892883322e-01,-8.884327925209428711e-01,-8.933530413525978542e-01,-8.982732901842527262e-01,-9.031935390159077093e-01,-9.081137878475622482e-01,-9.130340366792171203e-01,-9.179542855108721033e-01,-9.228745343425269754e-01,-9.277393668619389189e-01,-9.302767142671605205e-01,-9.328140616723821221e-01,-9.353514090776037238e-01,-9.378887564828249923e-01,-9.404261038880465939e-01,-9.429634512932681956e-01,-9.455007986984897972e-01,-9.480381461037113988e-01,-9.505754935089327784e-01,-9.531128409141542690e-01,-9.556501883193758706e-01,-9.571412992495914596e-01,-9.571793039645212220e-01,-9.572173086794508734e-01,-9.572553133943806358e-01,-9.572933181093102872e-01,-9.573313228242399386e-01,-9.573693275391697011e-01,-9.574073322540993525e-01,-9.574453369690291149e-01,-9.574833416839587663e-01,-9.575213463988885287e-01,-9.575593511138181801e-01,-9.579022008983540948e-01,-9.583147295559427681e-01,-9.587272582135315524e-01,-9.591397868711202257e-01,-9.595523155287090100e-01,-9.599648441862976833e-01,-9.603773728438864676e-01,-9.607899015014751409e-01,-9.612024301590639253e-01,-9.616149588166525985e-01,-9.620274874742412718e-01,-9.627983020048562768e-01,-9.649226409446810537e-01,-9.670469798845056086e-01,-9.691713188243303856e-01,-9.712956577641552736e-01,-9.734199967039800505e-01,-9.755443356438046054e-01,-9.776686745836293824e-01,-9.797930135234542703e-01,-9.819173524632790473e-01,-9.840416914031036022e-01,-9.861660303429283791e-01,-9.876475013362866484e-01,-9.887086355954168848e-01,-9.897697698545470102e-01,-9.908309041136772466e-01,-9.918920383728074830e-01,-9.929531726319377194e-01,-9.940143068910678448e-01,-9.950754411501980812e-01,-9.961365754093282066e-01,-9.971977096684584430e-01,-9.982588439275885683e-01,-9.993199781867188047e-01,1.300000000000000044e+00
4.914343078921731278e-01,5.056735139882894137e-01,5.199127200844055885e-01,5.341519261805218743e-01,5.483911322766381602e-01,5.626303383727543350e-01,5.768695444688706209e-01,5.911087505649867957e-01,6.053479566611030815e-01,6.195871627572193674e-01,6.338263688533355422e-01,6.499608574738666711e-01,6.691488568281771521e-01,6.883368561824877441e-01,7.075248555367982251e-01,7.267128548911087060e-01,7.459008542454192980e-01,7.650888535997297790e-01,7.842768529540402600e-01,8.034648523083507410e-01,8.226528516626613330e-01,8.418408510169718140e-01,8.489056068062964533e-01,8.522660381729865176e-01,8.556264695396764708e-01,8.589869009063665350e-01,8.623473322730564883e-01,8.657077636397465525e-01,8.690681950064365058e-01,8.724286263731265700e-01,8.757890577398165233e-01,8.791494891065065875e-01,8.827687117427469587e-01,8.878667416335613849e-01,8.929647715243757000e-01,8.980628014151900151e-01,9.031608313060043303e-01,9.082588611968187564e-01,9.133568910876330715e-01,9.184549209784473867e-01,9.235529508692617018e-01,9.286509807600761279e-01,9.337490106508904431e-01,9.320946854621134925e-01,9.244982878032961260e-01,9.169018901444788705e-01,9.093054924856615040e-01,9.017090948268442485e-01,8.941126971680268820e-01,8.865162995092095155e-01,8.789199018503921490e-01,8.713235041915748935e-01,8.637271065327575270e-01,8.561307088739401605e-01,8.567047325606970132e-01,8.580387954423911445e-01,8.593728583240851648e-01,8.607069212057791852e-01,8.620409840874732055e-01,8.633750469691672258e-01,8.647091098508613571e-01,8.660431727325553775e-01,8.673772356142493978e-01,8.687112984959434181e-01,8.713721161308047858e-01,8.771602842552748136e-01,8.829484523797447304e-01,8.887366205042146472e-01,8.945247886286846750e-01,9.003129567531545918e-01,9.061011248776246196e-01,9.118892930020945364e-01,9.176774611265644532e-01,9.234656292510344811e-01,9.292537973755043978e-01,9.330081599990993624e-01,9.358091762941591618e-01,9.386101925892188502e-01,9.414112088842785386e-01,9.442122251793383381e-01,9.470132414743980265e-01,9.498142577694578259e-01,9.526152740645175143e-01,9.554162903595773138e-01,9.582173066546370022e-01,9.610328344982889126e-01,9.640611983879594504e-01,9.670895622776298772e-01,9.701179261673004151e-01,9.731462900569708419e-01,9.761746539466413797e-01,9.792030178363118065e-01,9.822313817259823443e-01,9.852597456156527711e-01,9.882881095053231979e-01,9.913164733949937357e-01,9.929591111871685083e-01,9.928860880967296243e-01,9.928130650062908513e-01,9.927400419158519673e-01,9.926670188254130833e-01,9.925939957349741993e-01,9.925209726445353153e-01,9.924479495540964313e-01,9.923749264636575473e-01,9.923019033732186633e-01,9.922288802827797793e-01,9.928247843235783465e-01,9.935579041861692939e-01,9.942910240487602413e-01,9.950241439113510777e-01,9.957572637739420252e-01,9.964903836365328615e-01,9.972235034991238090e-01,9.979566233617147564e-01,9.986897432243055928e-01,9.994228630868965402e-01,1.000000000000000000e+00,1.000000000000000000e+00,1.000000000000000000e+00,1.000000000000000000e+00,1.000000000000000000e+00,1.000000000000000000e+00,1.000000000000000000e+00,1.000000000000000000e+00,1.000000000000000000e+00,1.000000000000000000e+00,1.000000000000000000e+00,9.992365328002004166e-01,9.979549985719654570e-01,9.966734643437304975e-01,9.953919301154955379e-01,9.941103958872605784e-01,9.928288616590256188e-01,9.915473274307906593e-01,9.902657932025558107e-01,9.889842589743208512e-01,9.877027247460857806e-01,9.864211905178508211e-01,9.679080129471137051e-01,9.490202344341479579e-01,9.301324559211822107e-01,9.112446774082164636e-01,8.923568988952510495e-01,8.734691203822853023e-01,8.545813418693194441e-01,8.356935633563536969e-01,8.168057848433882828e-01,7.979180063304225357e-01,7.851971723062921571e-01,7.833591814977537426e-01,7.815211906892153282e-01,7.796831998806769137e-01,7.778452090721384993e-01,7.760072182636000848e-01,7.741692274550616704e-01,7.723312366465232559e-01,7.704932458379849525e-01,7.686552550294465380e-01,7.668172642209081236e-01,7.587838248945267816e-01,7.486262317905991726e-01,7.384686386866714525e-01,7.283110455827438434e-01,7.181534524788163454e-01,7.079958593748887363e-01,6.978382662709611273e-01,6.876806731670335182e-01,6.775230800631060202e-01,6.673654869591784111e-01,6.571114184425264071e-01,6.461981012722569639e-01,6.352847841019874098e-01,6.243714669317178556e-01,6.134581497614484125e-01,6.025448325911788583e-01,5.916315154209093041e-01,5.807181982506398610e-01,5.698048810803707509e-01,5.588915639101011967e-01,5.479782467398316426e-01,5.274566263084307094e-01,4.977270485851116866e-01,4.679974708617926638e-01,4.382678931384735854e-01,4.085383154151546181e-01,3.788087376918366500e-01,3.490791599685176272e-01,3.193495822451986044e-01,2.896200045218795815e-01,2.598904267985605587e-01,2.301608490752415359e-01,2.214653418760709758e-01,2.152738906916800421e-01,2.090824395072890807e-01,2.028909883228983690e-01,1.966995371385074076e-01,1.905080859541164462e-01,1.843166347697254848e-01,1.781251835853345511e-01,1.719337324009435897e-01,1.657422812165526560e-01,1.595956009536660114e-01,1.535660138700985777e-01,1.475364267865309220e-01,1.415068397029632941e-01,1.354772526193956383e-01,1.294476655358279826e-01,1.234180784522603269e-01,1.173884913686926851e-01,1.113589042851250432e-01,1.053293172015576096e-01,9.929973011798995386e-02,9.120570142811382230e-02,8.204615448982030546e-02,7.288660755152680248e-02,6.372706061323329951e-02,5.456751367493978266e-02,4.540796673664627275e-02,3.624841979835310285e-02,2.708887286005959294e-02,1.792932592176608997e-02,8.769778983472573120e-03,0.000000000000000000e+00,0.000000000000000000e+00,0.000000000000000000e+00,0.000000000000000000e+00,0.000000000000000000e+00,0.000000000000000000e+00,0.000000000000000000e+00,0.000000000000000000e+00,0.000000000000000000e+00,0.000000000000000000e+00,0.000000000000000000e+00,-4.025166265168021382e-03,-1.348430698831279938e-02,-2.294344771145722175e-02,-3.240258843460199628e-02,-4.186172915774677428e-02,-5.132086988089155227e-02,-6.078001060403633721e-02,-7.023915132718111520e-02,-7.969829205032588626e-02,-8.915743277347067119e-02,-9.861657349661509531e-02,-1.183226899079074246e-01,-1.404557216137614084e-01,-1.625887533196153922e-01,-1.847217850254693761e-01,-2.068548167313233599e-01,-2.289878484371773437e-01,-2.511208801430312998e-01,-2.732539118488844787e-01,-2.953869435547384348e-01,-3.175199752605924464e-01,-3.399137325915073116e-01,-3.634083314504573670e-01,-3.869029303094073668e-01,-4.103975291683573667e-01,-4.338921280273073666e-01,-4.573867268862573665e-01,-4.808813257452065337e-01,-5.043759246041565891e-01,-5.278705234631065890e-01,-5.513651223220565889e-01,-5.748597211810065888e-01,-5.945335835955271042e-01,-6.113772708660258903e-01,-6.282209581365245654e-01,-6.450646454070226854e-01,-6.619083326775213605e-01,-6.787520199480201466e-01,-6.955957072185188217e-01,-7.124393944890174968e-01,-7.292830817595162829e-01,-7.461267690300149580e-01,-7.629704563005137441e-01,-7.755098986507468206e-01,-7.878580412267464084e-01,-8.002061838027459961e-01,-8.125543263787454729e-01,-8.249024689547450606e-01,-8.372506115307446484e-01,-8.495987541067442361e-01,-8.619468966827438239e-01,-8.742950392587429675e-01,-8.866431818347424443e-01,-8.963657522032029146e-01,-9.010012764195559631e-01,-9.056368006359089007e-01,-9.102723248522619492e-01,-9.149078490686148868e-01,-9.195433732849679354e-01,-9.241788975013208729e-01,-9.288144217176736994e-01,-9.334499459340266370e-01,-9.380854701503796855e-01,-9.427209943667326231e-01,-9.465008382098494266e-01,-9.499535101455522934e-01,-9.534061820812552712e-01,-9.568588540169581380e-01,-9.603115259526608938e-01,-9.637641978883638716e-01,-9.672168698240667384e-01,-9.706695417597697162e-01,-9.741222136954725830e-01,-9.775748856311754498e-01,-9.808540370914849982e-01,-9.826756165584894509e-01,-9.844971960254937926e-01,-9.863187754924983563e-01,-9.881403549595028091e-01,-9.899619344265072618e-01,-9.917835138935117145e-01,-9.936050933605161672e-01,-9.954266728275207310e-01,-9.972482522945251837e-01,-9.990698317615296364e-01,-1.000000000000000000e+00,-1.000000000000000000e+00,-1.000000000000000000e+00,-1.000000000000000000e+00,-1.000000000000000000e+00,-1.000000000000000000e+00,-1.000000000000000000e+00,-1.000000000000000000e+00,-1.000000000000000000e+00,-1.000000000000000000e+00,-1.000000000000000000e+00,-9.991799984310667515e-01,-9.982399966325335994e-01,-9.972999948340003362e-01,-9.963599930354670731e-01,-9.954199912369339209e-01,-9.944799894384007688e-01,-9.935399876398675056e-01,-9.925999858413342425e-01,-9.916599840428010904e-01,-9.907199822442678272e-01,-9.877182033506235470e-01,-9.787029079295702649e-01,-9.696876125085170939e-01,-9.606723170874638118e-01,-9.516570216664105297e-01,-9.426417262453573587e-01,-9.336264308243040766e-01,-9.246111354032509055e-01,-9.155958399821976235e-01,-9.065805445611443414e-01,-8.975652491400911703e-01,-8.901036989333293015e-01,-8.835226043479992297e-01,-8.769415097626691580e-01,-8.703604151773389752e-01,-8.637793205920089035e-01,-8.571982260066792758e-01,-8.506171314213492041e-01,-8.440360368360191323e-01,-8.374549422506890606e-01,-8.308738476653589888e-01,-8.241243307029112453e-01,-8.096273843930418268e-01,-7.951304380831725194e-01,-7.806334917733031009e-01,-7.661365454634337935e-01,-7.516395991535644860e-01,-7.371426528436950676e-01,-7.226457065338257602e-01,-7.081487602239563417e-01,-6.936518139140870343e-01,-6.791548676042176158e-01,-6.696377608157123573e-01,-6.674593649007950491e-01,-6.652809689858777409e-01,-6.631025730709604327e-01,-6.609241771560430134e-01,-6.587457812411257052e-01,-6.565673853262083970e-01,-6.543889894112910888e-01,-6.522105934963736695e-01,-6.500321975814563613e-01,-6.478538016665390531e-01,-6.407784246078452872e-01,-6.323795391319146919e-01,-6.239806536559840966e-01,-6.155817681800535013e-01,-6.071828827041229060e-01,-5.987839972281923107e-01,-5.903851117522623815e-01,-5.819862262763317862e-01,-5.735873408004011909e-01,-5.651884553244705955e-01,-5.559799843663252306e-01,-5.428247841823825581e-01,-5.296695839984398857e-01,-5.165143838144972133e-01,-5.033591836305544298e-01,-4.902039834466117574e-01,-4.770487832626690849e-01,-4.638935830787264125e-01,-4.507383828947836846e-01,-4.375831827108409566e-01,-4.244279825268982842e-01,-4.132682723133377922e-01,-4.037203039989327724e-01,-3.941723356845270310e-01,-3.846243673701212895e-01,-3.750763990557155481e-01,-3.655284307413098621e-01,-3.559804624269041207e-01,-3.464324941124983792e-01,-3.368845257980926378e-01,-3.273365574836868963e-01,-3.177885891692811549e-01,-3.117970110421454111e-01,-3.060479140641417239e-01,-3.002988170861380923e-01,-2.945497201081344052e-01,-2.888006231301307181e-01,-2.830515261521270864e-01,-2.773024291741233993e-01,-2.715533321961201563e-01,-2.658042352181164691e-01,-2.600551382401128375e-01,-2.579204975813871314e-01,-2.634966970704555878e-01,-2.690728965595240441e-01,-2.746490960485925004e-01,-2.802252955376609567e-01,-2.858014950267294130e-01,-2.913776945157978693e-01,-2.969538940048663256e-01,-3.025300934939347819e-01,-3.081062929830032937e-01,-3.136824924720717500e-01,-3.067001190339500583e-01,-2.943898661721722765e-01,-2.820796133103953829e-01,-2.697693604486176011e-01,-2.574591075868398193e-01,-2.451488547250620376e-01,-2.328386018632842558e-01,-2.205283490015064740e-01,-2.082180961397286645e-01,-1.959078432779508827e-01,-1.848681899836950582e-01,-1.874874820403029108e-01,-1.901067740969107356e-01,-1.927260661535185882e-01,-1.953453582101264407e-01,-1.979646502667342656e-01,-2.005839423233421182e-01,-2.032032343799499707e-01,-2.058225264365577956e-01,-2.084418184931654539e-01,-2.110611105497733064e-01,-2.192212406972769423e-01,-2.336777777662541467e-01,-2.481343148352313233e-01,-2.625908519042084999e-01,-2.770473889731857042e-01,-2.915039260421629086e-01,-3.059604631111401130e-01,-3.204170001801173173e-01,-3.348735372490945217e-01,-3.493300743180717260e-01,-3.637866113870488749e-01,-3.366058679510262608e-01,-3.021386004266290448e-01,-2.676713329022318288e-01,-2.332040653778372219e-01,-1.987367978534400059e-01,-1.642695303290427622e-01,-1.298022628046455462e-01,-9.533499528024835801e-02,-6.086772775585114204e-02,-2.640046023145392606e-02,0.000000000000000000e+00,0.000000000000000000e+00,0.000000000000000000e+00,0.000000000000000000e+00,0.000000000000000000e+00,0.000000000000000000e+00,0.000000000000000000e+00,0.000000000000000000e+00,0.000000000000000000e+00,0.000000000000000000e+00,0.000000000000000000e+00,-5.088257014256552212e-03,-1.333474252012126215e-02,-2.158122802598597470e-02,-2.982771353185068378e-02,-3.807419903771539632e-02,-4.632068454358010540e-02,-5.456717004944481447e-02,-6.281365555530953049e-02,-7.106014106117423956e-02,-7.930662656703894864e-02,-8.755311207290365771e-02,1.100000000000000089e+00
-1.000000000000000000e+00,-1.000000000000000000e+00,-1.000000000000000000e+00,-1.000000000000000000e+00,-1.000000000000000000e+00,-1.000000000000000000e+00,-1.000000000000000000e+00,-1.000000000000000000e+00,-1.000000000000000000e+00,-1.000000000000000000e+00,-1.000000000000000000e+00,-1.000000000000000000e+00,-1.000000000000000000e+00,-1.000000000000000000e+00,-1.000000000000000000e+00,-1.000000000000000000e+00,-1.000000000000000000e+00,-1.000000000000000000e+00,-1.000000000000000000e+00,-1.000000000000000000e+00,-1.000000000000000000e+00,-1.000000000000000000e+00,-1.000000000000000000e+00,-1.000000000000000000e+00,-1.000000000000000000e+00,-1.000000000000000000e+00,-1.000000000000000000e+00,-1.000000000000000000e+00,-1.000000000000000000e+00,-1.000000000000000000e+00,-1.000000000000000000e+00,-1.000000000000000000e+00,-1.000000000000000000e+00,-1.000000000000000000e+00,-1.000000000000000000e+00,-9.908296483591940707e-01,-9.814460327267414685e-01,-9.720624170942888664e-01,-9.626788014618362643e-01,-9.532951858293835512e-01,-9.439115701969310601e-01,-9.345279545644784580e-01,-9.251443389320258559e-01,-9.157607232995732538e-01,-9.063771076671205407e-01,-8.969934920346679386e-01,-8.831177699008071480e-01,-8.666751297661418052e-01,-8.502324896314762404e-01,-8.337898494968107865e-01,-8.173472093621454437e-01,-8.009045692274798789e-01,-7.844619290928145361e-01,-7.680192889581489712e-01,-7.515766488234836284e-01,-7.351340086888182856e-01,-7.186913685541527208e-01,-7.031051541678684513e-01,-6.895611857969542458e-01,-6.760172174260403732e-01,-6.624732490551263897e-01,-6.489292806842121841e-01,-6.353853123132982006e-01,-6.218413439423841060e-01,-6.082973755714701225e-01,-5.947534072005562500e-01,-5.812094388296420444e-01,-5.676654704587280609e-01,-5.541215020878139663e-01,-5.351381279183995421e-01,-5.158957344252470545e-01,-4.966533409320942893e-01,-4.774109474389417462e-01,-4.581685539457890366e-01,-4.389261604526365490e-01,-4.196837669594839504e-01,-4.004413734663312407e-01,-3.811989799731787532e-01,-3.619565864800260435e-01,-3.427141929868735004e-01,-3.272665022475333418e-01,-3.142080687976304687e-01,-3.011496353477277066e-01,-2.880912018978247779e-01,-2.750327684479220158e-01,-2.619743349980191427e-01,-2.489159015481163806e-01,-2.358574680982136185e-01,-2.227990346483107453e-01,-2.097406011984079832e-01,-1.966821677485051101e-01,-1.826836793419423510e-01,-1.661783777176187582e-01,-1.496730760932954984e-01,-1.331677744689722387e-01,-1.166624728446489789e-01,-1.001571712203253861e-01,-8.365186959600212635e-02,-6.714656797167886659e-02,-5.064126634735560684e-02,-3.413596472303234708e-02,-1.763066309870875426e-02,-1.125361474385494498e-03,0.000000000000000000e+00,0.000000000000000000e+00,0.000000000000000000e+00,0.000000000000000000e+00,0.000000000000000000e+00,0.000000000000000000e+00,0.000000000000000000e+00,0.000000000000000000e+00,0.000000000000000000e+00,0.000000000000000000e+00,0.000000000000000000e+00,3.245472308067104059e-03,8.737810060180614333e-03,1.423014781229423389e-02,1.972248556440774417e-02,2.521482331652125444e-02,3.070716106863476125e-02,3.619949882074827152e-02,4.169183657286189282e-02,4.718417432497540309e-02,5.267651207708891337e-02,5.816884982920242364e-02,6.593604435561360722e-02,8.052780920491810213e-02,9.511957405422230560e-02,1.097113389035265091e-01,1.243031037528307126e-01,1.388948686021349299e-01,1.534866334514394248e-01,1.680783983007436144e-01,1.826701631500478318e-01,1.972619279993520214e-01,2.118536928486562387e-01,2.264454576979607336e-01,2.423718106709581988e-01,2.584316224563249498e-01,2.744914342416917563e-01,2.905512460270585073e-01,3.066110578124255914e-01,3.226708695977923425e-01,3.387306813831590935e-01,3.547904931685259000e-01,3.708503049538926510e-01,3.869101167392597906e-01,4.029699285246265417e-01,4.166820002791341571e-01,4.286097896101888627e-01,4.405375789412436238e-01,4.524653682722986070e-01,4.643931576033533681e-01,4.763209469344080738e-01,4.882487362654628349e-01,5.001765255965175960e-01,5.121043149275725792e-01,5.240321042586273403e-01,5.359598935896821015e-01,5.466048440027815314e-01,5.528881420948332792e-01,5.591714401868851381e-01,5.654547382789369969e-01,5.717380363709887447e-01,5.780213344630404926e-01,5.843046325550923514e-01,5.905879306471440993e-01,5.968712287391958471e-01,6.031545268312475949e-01,6.094378249232993427e-01,6.157211230153513126e-01,6.308600541672643169e-01,6.471343228909542944e-01,6.634085916146441608e-01,6.796828603383341383e-01,6.959571290620244488e-01,7.122313977857143152e-01,7.285056665094042927e-01,7.447799352330942702e-01,7.610542039567841366e-01,7.773284726804744471e-01,7.936027414041644246e-01,8.080930482744785870e-01,8.210967202669806619e-01,8.341003922594821818e-01,8.471040642519837016e-01,8.601077362444852215e-01,8.731114082369868523e-01,8.861150802294883722e-01,8.991187522219898920e-01,9.121224242144914118e-01,9.251260962069930427e-01,9.381297681994951176e-01,9.492625474393086016e-01,9.531196326408918340e-01,9.569767178424751775e-01,9.608338030440585209e-01,9.646908882456418644e-01,9.685479734472252078e-01,9.724050586488084402e-01,9.762621438503917837e-01,9.801192290519751271e-01,9.839763142535585816e-01,9.878333994551419250e-01,9.916904846567252685e-01,9.928091860286296644e-01,9.934955110063743433e-01,9.941818359841190222e-01,9.948681609618637012e-01,9.955544859396083801e-01,9.962408109173530590e-01,9.969271358950977380e-01,9.976134608728424169e-01,9.982997858505870958e-01,9.989861108283317748e-01,9.996724358060764537e-01,9.993754264112510999e-01,9.981805899806011073e-01,9.969857535499511147e-01,9.957909171193011222e-01,9.945960806886511296e-01,9.934012442580011371e-01,9.922064078273511445e-01,9.910115713967011519e-01,9.898167349660511594e-01,9.886218985354011668e-01,9.874270621047511742e-01,9.852715050242681905e-01,9.787927050195374123e-01,9.723139050148066342e-01,9.658351050100758561e-01,9.593563050053450780e-01,9.528775050006139669e-01,9.463987049958831888e-01,9.399199049911524106e-01,9.334411049864216325e-01,9.269623049816908544e-01,9.204835049769600763e-01,9.140047049722292982e-01,9.121313275915198249e-01,9.111292463829225863e-01,9.101271651743254587e-01,9.091250839657281091e-01,9.081230027571308705e-01,9.071209215485336319e-01,9.061188403399363933e-01,9.051167591313391547e-01,9.041146779227419161e-01,9.031125967141446775e-01,9.021105155055474389e-01,9.025696611892556342e-01,9.044900337652691524e-01,9.064104063412826706e-01,9.083307789172961888e-01,9.102511514933097070e-01,9.121715240693232252e-01,9.140918966453366323e-01,9.160122692213501505e-01,9.179326417973636687e-01,9.198530143733771869e-01,9.217733869493907051e-01,9.226466524859124885e-01,9.179852093851220696e-01,9.133237662843316507e-01,9.086623231835413428e-01,9.040008800827509239e-01,8.993394369819605050e-01,8.946779938811701971e-01,8.900165507803797782e-01,8.853551076795893593e-01,8.806936645787990514e-01,8.760322214780084105e-01,8.713707783772181026e-01,8.554844769284234429e-01,8.371037625134061244e-01,8.187230480983889169e-01,8.003423336833715984e-01,7.819616192683542799e-01,7.635809048533369614e-01,7.452001904383197539e-01,7.268194760233024354e-01,7.084387616082843397e-01,6.900580471932671323e-01,6.716773327782498137e-01,6.615418265528234532e-01,6.604367864398053012e-01,6.593317463267871492e-01,6.582267062137691083e-01,6.571216661007509563e-01,6.560166259877328043e-01,6.549115858747146524e-01,6.538065457616965004e-01,6.527015056486783484e-01,6.515964655356601964e-01,6.504914254226421555e-01,6.491143702385122616e-01,6.460145529373420015e-01,6.429147356361717414e-01,6.398149183350014813e-01,6.367151010338312211e-01,6.336152837326609610e-01,6.305154664314905899e-01,6.274156491303202188e-01,6.243158318291499587e-01,6.212160145279796986e-01,6.181161972268094384e-01,6.150163799256391783e-01,6.183510748253590039e-01,6.233403585767361976e-01,6.283296423281133913e-01,6.333189260794906961e-01,6.383082098308680008e-01,6.432974935822451945e-01,6.482867773336223882e-01,6.532760610849995819e-01,6.582653448363767756e-01,6.632546285877540804e-01,6.682439123391312741e-01,6.646036940428935447e-01,6.506080732895183072e-01,6.366124525361429587e-01,6.226168317827671661e-01,6.086212110293919286e-01,5.946255902760166911e-01,5.806299695226413426e-01,5.666343487692661052e-01,5.526387280158908677e-01,5.386431072625155192e-01,5.246474865091402817e-01,5.110986764705244267e-01,5.010349900070314444e-01,4.909713035435389061e-01,4.809076170800463124e-01,4.708439306165537741e-01,4.607802441530611803e-01,4.507165576895685866e-01,4.406528712260760483e-01,4.305891847625834545e-01,4.205254982990909163e-01,4.104618118355983225e-01,4.003981253721053402e-01,3.958522081463611841e-01,3.929291642258367356e-01,3.900061203053123426e-01,3.870830763847878941e-01,3.841600324642635012e-01,3.812369885437391082e-01,3.783139446232146597e-01,3.753909007026902667e-01,3.724678567821658182e-01,3.695448128616413142e-01,3.666217689411168656e-01,3.510646398701984250e-01,3.188837145487636304e-01,2.867027892273288359e-01,2.545218639058939858e-01,2.223409385844591912e-01,1.901600132630243689e-01,1.579790879415895466e-01,1.257981626201547520e-01,9.361723729871862520e-02,6.143631197728383064e-02,2.925538665584898057e-02,0.000000000000000000e+00,0.000000000000000000e+00,0.000000000000000000e+00,0.000000000000000000e+00,0.000000000000000000e+00,0.000000000000000000e+00,0.000000000000000000e+00,0.000000000000000000e+00,0.000000000000000000e+00,0.000000000000000000e+00,0.000000000000000000e+00,0.000000000000000000e+00,-4.474397727118411411e-02,-1.044026136327613208e-01,-1.640612499943385483e-01,-2.237198863559157480e-01,-2.833785227174929755e-01,-3.430371590790701752e-01,-4.026957954406473750e-01,-4.623544318022245747e-01,-5.220130681638017744e-01,-5.816717045253838592e-01,-6.413303408869610589e-01,-6.797239178335721110e-01,-6.874012978474614011e-01,-6.950786778613506911e-01,-7.027560578752399811e-01,-7.104334378891291601e-01,-7.181108179030184502e-01,-7.257881979169077402e-01,-7.334655779307970302e-01,-7.411429579446862093e-01,-7.488203379585754993e-01,-7.564977179724647893e-01,-7.636578362227112171e-01,-7.637487103698402668e-01,-7.638395845169693166e-01,-7.639304586640983663e-01,-7.640213328112274160e-01,-7.641122069583564658e-01,-7.642030811054855155e-01,-7.642939552526145652e-01,-7.643848293997436150e-01,-7.644757035468726647e-01,-7.645665776940017144e-01,-7.646574518411307642e-01,-7.653276410373529570e-01,-7.662150733769850230e-01,-7.671025057166172001e-01,-7.679899380562492661e-01,-7.688773703958813321e-01,-7.697648027355133982e-01,-7.706522350751454642e-01,-7.715396674147775302e-01,-7.724270997544095962e-01,-7.733145320940417733e-01,-7.742019644336738393e-01,-7.774667493743008251e-01,-7.845073296223905590e-01,-7.915479098704801819e-01,-7.985884901185698048e-01,-8.056290703666600939e-01,-8.126696506147497168e-01,-8.197102308628394507e-01,-8.267508111109290736e-01,-8.337913913590186965e-01,-8.408319716071084304e-01,-8.478725518551980533e-01,-8.546598060196207713e-01,-8.561272124270409289e-01,-8.575946188344611976e-01,-8.590620252418814662e-01,-8.605294316493016238e-01,-8.619968380567218924e-01,-8.634642444641420500e-01,-8.649316508715623186e-01,-8.663990572789824762e-01,-8.678664636864027448e-01,-8.693338700938230135e-01,-8.708012765012431711e-01,-8.743330718632328358e-01,-8.787305787223005371e-01,-8.831280855813677944e-01,-8.875255924404350516e-01,-8.919230992995024199e-01,-8.963206061585696771e-01,-9.007181130176369344e-01,-9.051156198767043026e-01,-9.095131267357715599e-01,-9.139106335948388171e-01,-9.183081404539060744e-01,-9.225800348239542314e-01,-9.266321073382186579e-01,-9.306841798524831955e-01,-9.347362523667477330e-01,-9.387883248810121595e-01,-9.428403973952766970e-01,-9.468924699095412345e-01,-9.509445424238056610e-01,-9.549966149380701985e-01,-9.590486874523350691e-01,-9.631007599665994956e-01,-9.671267504649566638e-01,-9.700312142792978376e-01,-9.729356780936390114e-01,-9.758401419079801853e-01,-9.787446057223213591e-01,-9.816490695366625330e-01,-9.845535333510037068e-01,-9.874579971653448807e-01,-9.903624609796860545e-01,-9.932669247940273394e-01,-9.961713886083685132e-01,-9.990758524227096871e-01,-1.000000000000000000e+00,-1.000000000000000000e+00,-1.000000000000000000e+00,-1.000000000000000000e+00,-1.000000000000000000e+00,-1.000000000000000000e+00,-1.000000000000000000e+00,-1.000000000000000000e+00,-1.000000000000000000e+00,-1.000000000000000000e+00,-1.000000000000000000e+00,-9.981170063249772406e-01,-9.925935582115780198e-01,-9.870701100981786880e-01,-9.815466619847794671e-01,-9.760232138713802463e-01,-9.704997657579809145e-01,-9.649763176445816937e-01,-9.594528695311824729e-01,-9.539294214177831410e-01,-9.484059733043839202e-01,-9.428825251909845884e-01,-9.373590770775853676e-01,1.000000000000000000e+00
-1.000000000000000000e+00,-1.000000000000000000e+00,-1.000000000000000000e+00,-1.000000000000000000e+00,-1.000000000000000000e+00,-1.000000000000000000e+00,-1.000000000000000000e+00,-1.000000000000000000e+00,-1.000000000000000000e+00,-1.000000000000000000e+00,-1.000000000000000000e+00,-1.000000000000000000e+00,-1.000000000000000000e+00,-1.000000000000000000e+00,-1.000000000000000000e+00,-1.000000000000000000e+00,-1.000000000000000000e+00,-1.000000000000000000e+00,-1.000000000000000000e+00,-1.000000000000000000e+00,-1.000000000000000000e+00,-9.992640843995405087e-01,-9.957316895173350391e-01,-9.921992946351294584e-01,-9.886668997529239888e-01,-9.851345048707185192e-01,-9.816021099885130496e-01,-9.780697151063074690e-01,-9.745373202241019994e-01,-9.710049253418964188e-01,-9.674725304596909492e-01,-9.639401355774854796e-01,-9.494728021184877242e-01,-9.324820212956147492e-01,-9.154912404727418851e-01,-8.985004596498690210e-01,-8.815096788269960459e-01,-8.645188980041231819e-01,-8.475281171812503178e-01,-8.305373363583774537e-01,-8.135465555355044787e-01,-7.965557747126316146e-01,-7.827958891885223869e-01,-7.735592570826824721e-01,-7.643226249768425573e-01,-7.550859928710025315e-01,-7.458493607651626167e-01,-7.366127286593227019e-01,-7.273760965534826761e-01,-7.181394644476427613e-01,-7.089028323418027355e-01,-6.996662002359629318e-01,-6.903652689091495098e-01,-6.780422741965833611e-01,-6.657192794840172123e-01,-6.533962847714510636e-01,-6.410732900588849148e-01,-6.287502953463187660e-01,-6.164273006337526173e-01,-6.041043059211863575e-01,-5.917813112086203198e-01,-5.794583164960542820e-01,-5.671353217834880223e-01,-5.638633845535592215e-01,-5.660220818132127851e-01,-5.681807790728663488e-01,-5.703394763325200234e-01,-5.724981735921735870e-01,-5.746568708518271507e-01,-5.768155681114807143e-01,-5.789742653711342779e-01,-5.811329626307879526e-01,-5.832916598904415162e-01,-5.848777758045763386e-01,-5.845379362837845871e-01,-5.841980967629928356e-01,-5.838582572422010841e-01,-5.835184177214093326e-01,-5.831785782006175811e-01,-5.828387386798258296e-01,-5.824988991590340781e-01,-5.821590596382422156e-01,-5.818192201174504641e-01,-5.814793805966587126e-01,-5.696532540046049808e-01,-5.555298699982986754e-01,-5.414064859919924810e-01,-5.272831019856861756e-01,-5.131597179793798702e-01,-4.990363339730735648e-01,-4.849129499667672594e-01,-4.707895659604610095e-01,-4.566661819541547040e-01,-4.425427979478484541e-01,-4.330904581152627553e-01,-4.296437465060320982e-01,-4.261970348968014966e-01,-4.227503232875708949e-01,-4.193036116783402378e-01,-4.158569000691096362e-01,-4.124101884598789791e-01,-4.089634768506484330e-01,-4.055167652414178314e-01,-4.020700536321871743e-01,-3.983661514229969725e-01,-3.887468654147350211e-01,-3.791275794064731253e-01,-3.695082933982112294e-01,-3.598890073899492781e-01,-3.502697213816873822e-01,-3.406504353734254309e-01,-3.310311493651635351e-01,-3.214118633569016392e-01,-3.117925773486397434e-01,-3.021732913403777920e-01,-2.845755252582141681e-01,-2.626024636516528510e-01,-2.406294020450915339e-01,-2.186563404385302167e-01,-1.966832788319693437e-01,-1.747102172254080266e-01,-1.527371556188467094e-01,-1.307640940122854201e-01,-1.087910324057241029e-01,-8.681797079916278581e-02,-6.864667540560266679e-02,-6.188067865104634330e-02,-5.511468189649001981e-02,-4.834868514193368938e-02,-4.158268838737737283e-02,-3.481669163282104240e-02,-2.805069487826471891e-02,-2.128469812370839542e-02,-1.451870136915207193e-02,-7.752704614595748445e-03,-9.867078600394180166e-04,5.985138085079551133e-03,1.299212901395312494e-02,1.999911994282656952e-02,2.700611087170014246e-02,3.401310180057371541e-02,4.102009272944728835e-02,4.802708365832086129e-02,5.503407458719444117e-02,6.204106551606801412e-02,6.904805644494158012e-02,9.376497817893393594e-02,1.394118181371577503e-01,1.850586580953816063e-01,2.307054980536054067e-01,2.763523380118292350e-01,3.219991779700531187e-01,3.676460179282769469e-01,4.132928578865007752e-01,4.589396978447246034e-01,5.045865378029483761e-01,5.476545428001287075e-01,5.520400233816630253e-01,5.564255039631972322e-01,5.608109845447315500e-01,5.651964651262657569e-01,5.695819457078000747e-01,5.739674262893342815e-01,5.783529068708685994e-01,5.827383874524028062e-01,5.871238680339371241e-01,5.915093486154713309e-01,5.981562177385223444e-01,6.059337811323315393e-01,6.137113445261409561e-01,6.214889079199501509e-01,6.292664713137595678e-01,6.370440347075687626e-01,6.448215981013781795e-01,6.525991614951873743e-01,6.603767248889969022e-01,6.681542882828059859e-01,6.785314026399239529e-01,6.959073080521023247e-01,7.132832134642812516e-01,7.306591188764596234e-01,7.480350242886386614e-01,7.654109297008169221e-01,7.827868351129952940e-01,8.001627405251742209e-01,8.175386459373525927e-01,8.349145513495315196e-01,8.522904567617098914e-01,8.475882453801256711e-01,8.397320173137180488e-01,8.318757892473100934e-01,8.240195611809024712e-01,8.161633331144945158e-01,8.083071050480867825e-01,8.004508769816789382e-01,7.925946489152712049e-01,7.847384208488632495e-01,7.768821927824556273e-01,7.758391817380806410e-01,7.822018413698281769e-01,7.885645010015759349e-01,7.949271606333234708e-01,8.012898202650710067e-01,8.076524798968186536e-01,8.140151395285661895e-01,8.203777991603139474e-01,8.267404587920614834e-01,8.331031184238092413e-01,8.393760443524553860e-01,8.446618995469868940e-01,8.499477547415181800e-01,8.552336099360496879e-01,8.605194651305809739e-01,8.658053203251124819e-01,8.710911755196437678e-01,8.763770307141752758e-01,8.816628859087065617e-01,8.869487411032379587e-01,8.922345962977693556e-01,8.963668334807319837e-01,8.999746988402542724e-01,9.035825641997765612e-01,9.071904295592988499e-01,9.107982949188211386e-01,9.144061602783435383e-01,9.180140256378657160e-01,9.216218909973881157e-01,9.252297563569104044e-01,9.288376217164326931e-01,9.330391086700902115e-01,9.386822480666476842e-01,9.443253874632049349e-01,9.499685268597624077e-01,9.556116662563196584e-01,9.612548056528772422e-01,9.668979450494344929e-01,9.725410844459919657e-01,9.781842238425492164e-01,9.838273632391064671e-01,9.894705026356639399e-01,9.909150266997981404e-01,9.918713396787667280e-01,9.928276526577353156e-01,9.937839656367040142e-01,9.947402786156726018e-01,9.956965915946411894e-01,9.966529045736097769e-01,9.976092175525784755e-01,9.985655305315470631e-01,9.995218435105156507e-01,1.000000000000000000e+00,1.000000000000000000e+00,1.000000000000000000e+00,1.000000000000000000e+00,1.000000000000000000e+00,1.000000000000000000e+00,1.000000000000000000e+00,1.000000000000000000e+00,1.000000000000000000e+00,1.000000000000000000e+00,9.999785592998527983e-01,9.997727285784391293e-01,9.995668978570255714e-01,9.993610671356120134e-01,9.991552364141983444e-01,9.989494056927847865e-01,9.987435749713712285e-01,9.985377442499576706e-01,9.983319135285440016e-01,9.981260828071304436e-01,9.979202520857168857e-01,9.954474757751590186e-01,9.920412512808358674e-01,9.886350267865128272e-01,9.852288022921896760e-01,9.818225777978665247e-01,9.784163533035434845e-01,9.750101288092203333e-01,9.716039043148972931e-01,9.681976798205741419e-01,9.647914553262511017e-01,9.581747788779770847e-01,9.444951081310117846e-01,9.308154373840459295e-01,9.171357666370806294e-01,9.034560958901147742e-01,8.897764251431494742e-01,8.760967543961836190e-01,8.624170836492183190e-01,8.487374129022524638e-01,8.350577421552871638e-01,8.213780714083213086e-01,8.102625918781001246e-01,7.993802206403101129e-01,7.884978494025197682e-01,7.776154781647297565e-01,7.667331069269394117e-01,7.558507356891494000e-01,7.449683644513590552e-01,7.340859932135690435e-01,7.232036219757786988e-01,7.123212507379886871e-01,7.098769767649157902e-01,7.151957522753827901e-01,7.205145277858500119e-01,7.258333032963170117e-01,7.311520788067842336e-01,7.364708543172512334e-01,7.417896298277184552e-01,7.471084053381854551e-01,7.524271808486526769e-01,7.577459563591196767e-01,7.617350379919700654e-01,7.564162624815029545e-01,7.510974869710359547e-01,7.457787114605687329e-01,7.404599359501017330e-01,7.351411604396345112e-01,7.298223849291675114e-01,7.245036094187002895e-01,7.191848339082332897e-01,7.138660583977661789e-01,7.085472828872991791e-01,6.928223721259798573e-01,6.732323254143447455e-01,6.536422787027088566e-01,6.340522319910737448e-01,6.144621852794379668e-01,5.948721385678028550e-01,5.752820918561669661e-01,5.556920451445318543e-01,5.361019984328967425e-01,5.165119517212608535e-01,5.016165273441731687e-01,4.961103476361814479e-01,4.906041679281897272e-01,4.850979882201980620e-01,4.795918085122059527e-01,4.740856288042142319e-01,4.685794490962225112e-01,4.630732693882308459e-01,4.575670896802387366e-01,4.520609099722470159e-01,4.465547302642552951e-01,4.233164832016927948e-01,3.988960983154902218e-01,3.744757134292894252e-01,3.500553285430886286e-01,3.256349436568878319e-01,3.012145587706870353e-01,2.767941738844844624e-01,2.523737889982836657e-01,2.279534041120828969e-01,2.035330192258821003e-01,1.823186015104621138e-01,1.638169252472442550e-01,1.453152489840263961e-01,1.268135727208085373e-01,1.083118964575893045e-01,8.981022019437144566e-02,7.130854393115358680e-02,5.280686766793574183e-02,3.430519140471649520e-02,1.580351514149863634e-02,0.000000000000000000e+00,0.000000000000000000e+00,0.000000000000000000e+00,0.000000000000000000e+00,0.000000000000000000e+00,0.000000000000000000e+00,0.000000000000000000e+00,0.000000000000000000e+00,0.000000000000000000e+00,0.000000000000000000e+00,0.000000000000000000e+00,-1.463205198580861364e-02,-3.414145463355246907e-02,-5.365085728129632969e-02,-7.316025992904018338e-02,-9.266966257678548036e-02,-1.121790652245293340e-01,-1.316884678722732016e-01,-1.511978705200170414e-01,-1.707072731677623523e-01,-1.902166758155061921e-01,-2.097026137430182680e-01,-2.291457630630488462e-01,-2.485889123830793968e-01,-2.680320617031114461e-01,-2.874752110231419966e-01,-3.069183603431725471e-01,-3.263615096632030976e-01,-3.458046589832350914e-01,-3.652478083032656975e-01,-3.846909576232962480e-01,-4.041341069433268540e-01,-4.089731059488056486e-01,-4.131771418971292853e-01,-4.173811778454528665e-01,-4.215852137937764477e-01,-4.257892497421003619e-01,-4.299932856904239986e-01,-4.341973216387475798e-01,-4.384013575870711610e-01,-4.426053935353947977e-01,-4.468094294837187119e-01,-4.559756172225323811e-01,-4.690012563539492918e-01,-4.820268954853662025e-01,-4.950525346167841123e-01,-5.080781737482009675e-01,-5.211038128796179336e-01,-5.341294520110348998e-01,-5.471550911424527541e-01,-5.601807302738697203e-01,-5.732063694052865754e-01,-5.837214136423415356e-01,-5.816834834075841343e-01,-5.796455531728268440e-01,-5.776076229380695537e-01,-5.755696927033123744e-01,-5.735317624685550841e-01,-5.714938322337976828e-01,-5.694559019990403925e-01,-5.674179717642832133e-01,-5.653800415295259230e-01,-5.633421112947685216e-01,-5.622689314928088766e-01,-5.614825693870862944e-01,-5.606962072813637121e-01,-5.599098451756411299e-01,-5.591234830699185476e-01,-5.583371209641960764e-01,-5.575507588584734942e-01,-5.567643967527509119e-01,-5.559780346470283297e-01,-5.551916725413057474e-01,-5.588004711477714270e-01,-5.697345376078857271e-01,-5.806686040679991390e-01,-5.916026705281125508e-01,-6.025367369882258517e-01,-6.134708034483392636e-01,-6.244048699084535636e-01,-6.353389363685668645e-01,-6.462730028286802764e-01,-6.572070692887936882e-01,-6.681411357489079883e-01,-6.795808083942317390e-01,-6.910312386179643385e-01,-7.024816688416968269e-01,-7.139320990654302035e-01,-7.253825292891626919e-01,-7.368329595128952914e-01,-7.482833897366277798e-01,-7.597338199603611564e-01,-7.711842501840936448e-01,-7.826346804078262442e-01,-7.935221862682467764e-01,-8.040076032977302445e-01,-8.144930203272146008e-01,-8.249784373566980689e-01,-8.354638543861815370e-01,-8.459492714156650051e-01,-8.564346884451492503e-01,-8.669201054746327184e-01,-8.774055225041162975e-01,-8.878909395335997656e-01,-8.950228822873950163e-01,-8.876231031798731408e-01,-8.802233240723513763e-01,-8.728235449648295008e-01,-8.654237658573070702e-01,-8.580239867497853057e-01,-8.506242076422634302e-01,-8.432244285347415547e-01,-8.358246494272197902e-01,-8.284248703196973596e-01,-8.210250912121754840e-01,-8.301167146393289009e-01,-8.435481808387653713e-01,-8.569796470382027298e-01,-8.704111132376392002e-01,-8.838425794370756705e-01,-8.972740456365121409e-01,-9.107055118359494994e-01,-9.241369780353859698e-01,-9.375684442348224401e-01,-9.509999104342589105e-01,-9.578613255114861724e-01,-9.546947678232351464e-01,-9.515282101349841204e-01,-9.483616524467332054e-01,-9.451950947584819573e-01,-9.420285370702309313e-01,-9.388619793819800163e-01,-9.356954216937289903e-01,-9.325288640054779643e-01,-9.293623063172268273e-01,-9.261957486289758013e-01,9.000000000000000222e-01
-1.000000000000000000e+00,-1.000000000000000000e+00,-1.000000000000000000e+00,-1.000000000000000000e+00,-1.000000000000000000e+00,-1.000000000000000000e+00,-1.000000000000000000e+00,-1.000000000000000000e+00,-1.000000000000000000e+00,-1.000000000000000000e+00,-1.000000000000000000e+00,-1.000000000000000000e+00,-1.000000000000000000e+00,-1.000000000000000000e+00,-1.000000000000000000e+00,-1.000000000000000000e+00,-1.000000000000000000e+00,-1.000000000000000000e+00,-1.000000000000000000e+00,-1.000000000000000000e+00,-1.000000000000000000e+00,-1.000000000000000000e+00,-1.000000000000000000e+00,-1.000000000000000000e+00,-1.000000000000000000e+00,-1.000000000000000000e+00,-1.000000000000000000e+00,-1.000000000000000000e+00,-1.000000000000000000e+00,-1.000000000000000000e+00,-9.999533826140912796e-01,-9.991764261822785320e-01,-9.983994697504658955e-01,-9.976225133186532590e-01,-9.968455568868405114e-01,-9.960686004550278749e-01,-9.952916440232151274e-01,-9.945146875914024909e-01,-9.937377311595898544e-01,-9.929607747277771068e-01,-9.913501804669639927e-01,-9.801527511726464414e-01,-9.689553218783286681e-01,-9.577578925840110058e-01,-9.465604632896933435e-01,-9.353630339953756812e-01,-9.241656047010580188e-01,-9.129681754067403565e-01,-9.017707461124226942e-01,-8.905733168181050319e-01,-8.798381631227423227e-01,-8.732634898179747474e-01,-8.666888165132071720e-01,-8.601141432084395966e-01,-8.535394699036720212e-01,-8.469647965989044458e-01,-8.403901232941368704e-01,-8.338154499893692950e-01,-8.272407766846017196e-01,-8.206661033798341442e-01,-8.136617478721207553e-01,-8.035063895428050662e-01,-7.933510312134892661e-01,-7.831956728841735771e-01,-7.730403145548577770e-01,-7.628849562255420880e-01,-7.527295978962263989e-01,-7.425742395669105989e-01,-7.324188812375949098e-01,-7.222635229082792208e-01,-7.121814863013118391e-01,-7.025498545601993605e-01,-6.929182228190868820e-01,-6.832865910779742924e-01,-6.736549593368618138e-01,-6.640233275957493353e-01,-6.543916958546367457e-01,-6.447600641135242672e-01,-6.351284323724116776e-01,-6.254968006312991990e-01,-6.124666190044836256e-01,-5.815940504777286080e-01,-5.507214819509735904e-01,-5.198489134242180176e-01,-4.889763448974630000e-01,-4.581037763707079824e-01,-4.272312078439524097e-01,-3.963586393171973921e-01,-3.654860707904423744e-01,-3.346135022636868017e-01,-3.073644124923993193e-01,-2.966222814960186582e-01,-2.858801504996380527e-01,-2.751380195032572251e-01,-2.643958885068766196e-01,-2.536537575104959585e-01,-2.429116265141151310e-01,-2.321694955177345254e-01,-2.214273645213538644e-01,-2.106852335249730646e-01,-1.980415982924403073e-01,-1.777919461152992764e-01,-1.575422939381578846e-01,-1.372926417610168537e-01,-1.170429895838758505e-01,-9.679333740673445874e-02,-7.654368522959342780e-02,-5.629403305245239686e-02,-3.604438087531103285e-02,-1.579472869817000191e-02,-1.046938619412143617e-03,-5.805750525831055060e-03,-1.056456243224988129e-02,-1.532337433866870838e-02,-2.008218624508761874e-02,-2.484099815150644583e-02,-2.959981005792527292e-02,-3.435862196434410348e-02,-3.911743387076301037e-02,-4.387624577718184093e-02,-4.635082796851965753e-02,-4.159201606210074370e-02,-3.683320415568192008e-02,-3.207439224926308952e-02,-2.731558034284417916e-02,-2.255676843642535206e-02,-1.779795653000652497e-02,-1.303914462358761461e-02,-8.280332717168790990e-03,-3.521520810749960428e-03,0.000000000000000000e+00,0.000000000000000000e+00,0.000000000000000000e+00,0.000000000000000000e+00,0.000000000000000000e+00,0.000000000000000000e+00,0.000000000000000000e+00,0.000000000000000000e+00,0.000000000000000000e+00,0.000000000000000000e+00,1.637300921075867440e-03,7.484804210632359060e-03,1.333230750018885025e-02,1.917981078974544465e-02,2.502731407930193844e-02,3.087481736885842876e-02,3.672232065841502663e-02,4.256982394797151348e-02,4.841732723752800727e-02,5.426483052708460514e-02,6.247508137247085452e-02,7.619840984812641105e-02,8.992173832378221043e-02,1.036450667994377739e-01,1.173683952750933235e-01,1.310917237507491229e-01,1.448150522264046725e-01,1.585383807020602220e-01,1.722617091777160492e-01,1.859850376533715988e-01,1.972073811169661461e-01,2.031151314299307342e-01,2.090228817428955166e-01,2.149306320558602990e-01,2.208383823688248870e-01,2.267461326817896694e-01,2.326538829947544518e-01,2.385616333077190121e-01,2.444693836206838222e-01,2.503771339336485768e-01,2.608239931623231866e-01,2.800820638156119036e-01,2.993401344689005650e-01,3.185982051221885603e-01,3.378562757754772217e-01,3.571143464287659386e-01,3.763724170820539339e-01,3.956304877353425953e-01,4.148885583886312567e-01,4.341466290419192520e-01,4.519855187930874596e-01,4.673014202738187683e-01,4.826173217545506322e-01,4.979332232352824961e-01,5.132491247160138048e-01,5.285650261967456132e-01,5.438809276774775325e-01,5.591968291582088968e-01,5.745127306389407051e-01,5.898286321196726245e-01,6.014165025003033183e-01,6.069217958228753096e-01,6.124270891454473009e-01,6.179323824680191812e-01,6.234376757905911726e-01,6.289429691131632749e-01,6.344482624357350442e-01,6.399535557583070355e-01,6.454588490808791379e-01,6.509641424034509072e-01,6.618245547670156270e-01,6.807176456920692731e-01,6.996107366171222530e-01,7.185038275421760101e-01,7.373969184672296562e-01,7.562900093922826361e-01,7.751831003173362822e-01,7.940761912423899282e-01,8.129692821674430192e-01,8.318623730924966653e-01,8.444745638835243762e-01,8.484131306799452821e-01,8.523516974763662990e-01,8.562902642727874269e-01,8.602288310692083328e-01,8.641673978656293498e-01,8.681059646620503667e-01,8.720445314584712726e-01,8.759830982548922895e-01,8.799216650513133064e-01,8.833908349340415800e-01,8.862625905629791800e-01,8.891343461919167801e-01,8.920061018208543802e-01,8.948778574497919802e-01,8.977496130787296913e-01,9.006213687076671803e-01,9.034931243366048914e-01,9.063648799655424915e-01,9.092366355944800915e-01,9.112942825577273753e-01,9.123962367395118678e-01,9.134981909212965823e-01,9.146001451030811857e-01,9.157020992848657892e-01,9.168040534666503927e-01,9.179060076484351072e-01,9.190079618302195996e-01,9.201099160120043141e-01,9.212118701937889176e-01,9.246523256681473679e-01,9.306261575427943189e-01,9.365999894174413809e-01,9.425738212920881098e-01,9.485476531667350608e-01,9.545214850413821228e-01,9.604953169160288518e-01,9.664691487906758027e-01,9.724429806653227537e-01,9.784168125399695937e-01,9.823354054072883645e-01,9.841987592672790663e-01,9.860621131272697681e-01,9.879254669872604699e-01,9.897888208472511717e-01,9.916521747072417625e-01,9.935155285672324643e-01,9.953788824272231661e-01,9.972422362872137569e-01,9.991055901472044587e-01,1.000000000000000000e+00,1.000000000000000000e+00,1.000000000000000000e+00,1.000000000000000000e+00,1.000000000000000000e+00,1.000000000000000000e+00,1.000000000000000000e+00,1.000000000000000000e+00,1.000000000000000000e+00,1.000000000000000000e+00,1.000000000000000000e+00,1.000000000000000000e+00,1.000000000000000000e+00,1.000000000000000000e+00,1.000000000000000000e+00,1.000000000000000000e+00,1.000000000000000000e+00,1.000000000000000000e+00,1.000000000000000000e+00,1.000000000000000000e+00,9.940955201203963698e-01,9.835518060496758475e-01,9.730080919789556582e-01,9.624643779082351358e-01,9.519206638375149465e-01,9.413769497667943131e-01,9.308332356960737908e-01,9.202895216253536015e-01,9.097458075546330791e-01,8.992020934839124457e-01,8.858537431390931527e-01,8.704744492854428195e-01,8.550951554317924863e-01,8.397158615781428193e-01,8.243365677244924861e-01,8.089572738708421529e-01,7.935779800171924858e-01,7.781986861635421526e-01,7.628193923098918194e-01,7.474400984562421524e-01,7.419794290059557040e-01,7.431311758245786603e-01,7.442829226432015055e-01,7.454346694618244618e-01,7.465864162804474180e-01,7.477381630990702632e-01,7.488899099176931085e-01,7.500416567363160647e-01,7.511934035549389099e-01,7.523451503735618662e-01,7.542257497356030793e-01,7.565530651726425360e-01,7.588803806096819926e-01,7.612076960467214493e-01,7.635350114837609059e-01,7.658623269208003626e-01,7.681896423578399302e-01,7.705169577948792758e-01,7.728442732319187325e-01,7.751715886689583002e-01,7.730292399041306384e-01,7.683727050257534996e-01,7.637161701473759168e-01,7.590596352689983339e-01,7.544031003906207511e-01,7.497465655122432793e-01,7.450900306338656964e-01,7.404334957554884467e-01,7.357769608771109748e-01,7.311204259987333920e-01,7.153219695886298135e-01,6.937837354197585737e-01,6.722455012508873340e-01,6.507072670820175375e-01,6.291690329131462978e-01,6.076307987442750580e-01,5.860925645754038182e-01,5.645543304065325785e-01,5.430160962376612277e-01,5.214778620687915422e-01,5.103183566662610193e-01,5.040429589184793890e-01,4.977675611706977032e-01,4.914921634229160730e-01,4.852167656751343872e-01,4.789413679273532010e-01,4.726659701795715707e-01,4.663905724317899404e-01,4.601151746840083101e-01,4.538397769362266243e-01,4.413450235702844338e-01,4.261848320822749225e-01,4.110246405942643011e-01,3.958644491062537352e-01,3.807042576182431692e-01,3.655440661302326033e-01,3.503838746422219819e-01,3.352236831542124706e-01,3.200634916662018492e-01,3.049033001781913388e-01,2.907012364593400955e-01,2.768717779840508819e-01,2.630423195087626120e-01,2.492128610334733707e-01,2.353834025581841294e-01,2.215539440828949158e-01,2.077244856076056467e-01,1.938950271323164332e-01,1.800655686570281633e-01,1.662361101817389220e-01,1.548785675546285046e-01,1.443895359012025426e-01,1.339005042477766083e-01,1.234114725943506463e-01,1.129224409409254476e-01,1.024334092874994995e-01,9.194437763407355135e-02,8.145534598064760323e-02,7.096631432722165511e-02,6.047728267379570699e-02,5.354613396890788024e-02,4.773852724776814216e-02,4.193092052662840408e-02,3.612331380548865906e-02,3.031570708434891404e-02,2.450810036320917595e-02,1.870049364206984727e-02,1.289288692093010225e-02,7.085280199790364164e-03,1.277673478650619143e-03,-6.679937961534740225e-03,-1.524396098914314844e-02,-2.380798401675094864e-02,-3.237200704435935772e-02,-4.093603007196776333e-02,-4.950005309957617589e-02,-5.806407612718458150e-02,-6.662809915479299405e-02,-7.519212218240078904e-02,-8.375614521000919466e-02,-1.010679840404381524e-01,-1.205667768215722274e-01,-1.400655696027063024e-01,-1.595643623838403913e-01,-1.790631551649730924e-01,-1.985619479461071535e-01,-2.180607407272412424e-01,-2.375595335083753312e-01,-2.570583262895094201e-01,-2.765571190706435090e-01,-2.887651012846783605e-01,-2.993726616669123985e-01,-3.099802220491464921e-01,-3.205877824313805302e-01,-3.311953428136146238e-01,-3.418029031958479402e-01,-3.524104635780819783e-01,-3.630180239603160164e-01,-3.736255843425501100e-01,-3.842331447247841480e-01,-3.929362559065117666e-01,-4.012766148595710014e-01,-4.096169738126308468e-01,-4.179573327656906367e-01,-4.262976917187504267e-01,-4.346380506718102721e-01,-4.429784096248700620e-01,-4.513187685779292968e-01,-4.596591275309890867e-01,-4.679994864840489321e-01,-4.835124054713372810e-01,-5.001929505107092222e-01,-5.168734955500812189e-01,-5.335540405894519944e-01,-5.502345856288239911e-01,-5.669151306681959879e-01,-5.835956757075679846e-01,-6.002762207469399813e-01,-6.169567657863119781e-01,-6.336373108256827535e-01,-6.420533932993892634e-01,-6.493425036050503030e-01,-6.566316139107113425e-01,-6.639207242163722711e-01,-6.712098345220333107e-01,-6.784989448276939061e-01,-6.857880551333548347e-01,-6.930771654390158742e-01,-7.003662757446769138e-01,-7.076553860503379534e-01,-7.083671933617307070e-01,-7.083481892293163051e-01,-7.083291850969017922e-01,-7.083101809644872793e-01,-7.082911768320728774e-01,-7.082721726996583644e-01,-7.082531685672439625e-01,-7.082341644348294496e-01,-7.082151603024149367e-01,-7.081961561700005348e-01,-7.073236106548557167e-01,-7.063768441499083117e-01,-7.054300776449609067e-01,-7.044833111400135017e-01,-7.035365446350660967e-01,-7.025897781301186917e-01,-7.016430116251711757e-01,-7.006962451202237707e-01,-6.997494786152764767e-01,-6.988027121103290717e-01,-7.206831936999463784e-01,-7.440207336785785719e-01,-7.673582736572108765e-01,-7.906958136358430700e-01,-8.140333536144737092e-01,-8.373708935931060138e-01,-8.607084335717382073e-01,-8.840459735503705119e-01,-9.073835135290027054e-01,-9.307210535076350100e-01,-9.282643300900204064e-01,-9.247328456975629773e-01,-9.212013613051056593e-01,-9.176698769126483413e-01,-9.141383925201910232e-01,-9.106069081277337052e-01,-9.070754237352766092e-01,-9.035439393428192911e-01,-9.000124549503619731e-01,-8.964809705579046550e-01,-8.782457587374853381e-01,-8.597104708471079437e-01,-8.411751829567318817e-01,-8.226398950663545984e-01,-8.041046071759772040e-01,-7.855693192855998097e-01,-7.670340313952224154e-01,-7.484987435048451321e-01,-7.299634556144690700e-01,-7.114281677240916757e-01,1.200000000000000178e+00
0.000000000000000000e+00,0.000000000000000000e+00,0.000000000000000000e+00,0.000000000000000000e+00,0.000000000000000000e+00,0.000000000000000000e+00,0.000000000000000000e+00,0.000000000000000000e+00,0.000000000000000000e+00,0.000000000000000000e+00,0.000000000000000000e+00,0.000000000000000000e+00,-1.379075312224978082e-02,-4.867324631382259625e-02,-8.355573950539540995e-02,-1.184382326969682236e-01,-1.533207258885410373e-01,-1.882032190801138649e-01,-2.230857122716866647e-01,-2.579682054632594923e-01,-2.928506986548323199e-01,-3.277331918464052030e-01,-3.626156850379780305e-01,-3.974981782295508581e-01,-4.260185921300603806e-01,-4.528549262182295365e-01,-4.796912603063987479e-01,-5.065275943945679593e-01,-5.333639284827371707e-01,-5.602002625709063821e-01,-5.870365966590754825e-01,-6.138729307472446939e-01,-6.407092648354139053e-01,-6.675455989235830057e-01,-6.943819330117522171e-01,-7.184567522254846628e-01,-7.304499438635564390e-01,-7.424431355016281042e-01,-7.544363271396998805e-01,-7.664295187777716567e-01,-7.784227104158433219e-01,-7.904159020539150982e-01,-8.024090936919868744e-01,-8.144022853300585396e-01,-8.263954769681303159e-01,-8.383886686062019811e-01,-8.503818602442737573e-01,-8.542525573020788299e-01,-8.522750582620920445e-01,-8.502975592221051482e-01,-8.483200601821183628e-01,-8.463425611421314665e-01,-8.443650621021446812e-01,-8.423875630621577848e-01,-8.404100640221709995e-01,-8.384325649821842141e-01,-8.364550659421973178e-01,-8.344775669022105324e-01,-8.325000678622236361e-01,-8.365371980946185726e-01,-8.407175337858796560e-01,-8.448978694771407394e-01,-8.490782051684018228e-01,-8.532585408596629062e-01,-8.574388765509239896e-01,-8.616192122421850730e-01,-8.657995479334461564e-01,-8.699798836247072398e-01,-8.741602193159683232e-01,-8.783405550072294066e-01,-8.837282614490932220e-01,-8.911534060325989604e-01,-8.985785506161048097e-01,-9.060036951996105481e-01,-9.134288397831163975e-01,-9.208539843666222469e-01,-9.282791289501279852e-01,-9.357042735336338346e-01,-9.431294181171395730e-01,-9.505545627006454223e-01,-9.579797072841511607e-01,-9.654048518676571211e-01,-9.690127410873500269e-01,-9.714638862574026534e-01,-9.739150314274553910e-01,-9.763661765975081286e-01,-9.788173217675607551e-01,-9.812684669376134927e-01,-9.837196121076661193e-01,-9.861707572777188568e-01,-9.886219024477715944e-01,-9.910730476178242210e-01,-9.935241927878769586e-01,-9.956383700364588307e-01,-9.960195694031911406e-01,-9.964007687699233395e-01,-9.967819681366556495e-01,-9.971631675033878484e-01,-9.975443668701201583e-01,-9.979255662368523572e-01,-9.983067656035846671e-01,-9.986879649703168660e-01,-9.990691643370491759e-01,-9.994503637037813748e-01,-9.998315630705136847e-01,-9.997982503352886852e-01,-9.994367821860141721e-01,-9.990753140367397700e-01,-9.987138458874652569e-01,-9.983523777381908548e-01,-9.979909095889163417e-01,-9.976294414396418286e-01,-9.972679732903674266e-01,-9.969065051410929135e-01,-9.965450369918185114e-01,-9.961835688425439983e-01,-9.958221006932695962e-01,-9.857889824220810171e-01,-9.752840763400675295e-01,-9.647791702580540418e-01,-9.542742641760405542e-01,-9.437693580940271776e-01,-9.332644520120136900e-01,-9.227595459300002023e-01,-9.122546398479867147e-01,-9.017497337659732271e-01,-8.912448276839597394e-01,-8.807399216019462518e-01,-8.694025652234996793e-01,-8.565113016250446298e-01,-8.436200380265896914e-01,-8.307287744281346420e-01,-8.178375108296797036e-01,-8.049462472312247652e-01,-7.920549836327697157e-01,-7.791637200343147773e-01,-7.662724564358598389e-01,-7.533811928374047895e-01,-7.404899292389498511e-01,-7.275986656404949127e-01,-7.203562464761689155e-01,-7.150556175860747210e-01,-7.097549886959806376e-01,-7.044543598058864431e-01,-6.991537309157923596e-01,-6.938531020256981652e-01,-6.885524731356040817e-01,-6.832518442455098873e-01,-6.779512153554156928e-01,-6.726505864653216094e-01,-6.673499575752274149e-01,-6.622102332126474922e-01,-6.580627534364053011e-01,-6.539152736601629989e-01,-6.497677938839208078e-01,-6.456203141076785057e-01,-6.414728343314363146e-01,-6.373253545551940125e-01,-6.331778747789517103e-01,-6.290303950027095192e-01,-6.248829152264672171e-01,-6.207354354502249150e-01,-6.165879556739826128e-01,-6.054432141829202418e-01,-5.882138972876667093e-01,-5.709845803924131769e-01,-5.537552634971596444e-01,-5.365259466019061119e-01,-5.192966297066525794e-01,-5.020673128113990469e-01,-4.848379959161454589e-01,-4.676086790208919264e-01,-4.503793621256383384e-01,-4.331500452303848059e-01,-4.159207283351312734e-01,-3.920596923716269666e-01,-3.677012774780039628e-01,-3.433428625843809590e-01,-3.189844476907579551e-01,-2.946260327971349513e-01,-2.702676179035118920e-01,-2.459092030098888881e-01,-2.215507881162658566e-01,-1.971923732226428527e-01,-1.728339583290198211e-01,-1.484755434353968173e-01,-1.283430280498858156e-01,-1.169641616454627220e-01,-1.055852952410401002e-01,-9.420642883661702049e-02,-8.282756243219441261e-02,-7.144869602777131901e-02,-6.006982962334823928e-02,-4.869096321892563139e-02,-3.731209681450253779e-02,-2.593323041007992991e-02,-1.455436400565685018e-02,-3.175497601234228418e-03,0.000000000000000000e+00,0.000000000000000000e+00,0.000000000000000000e+00,0.000000000000000000e+00,0.000000000000000000e+00,0.000000000000000000e+00,0.000000000000000000e+00,0.000000000000000000e+00,0.000000000000000000e+00,0.000000000000000000e+00,0.000000000000000000e+00,3.848375171844178877e-03,3.694440164970438922e-02,7.004042812756323955e-02,1.031364546054234499e-01,1.362324810832822863e-01,1.693285075611425106e-01,2.024245340390013470e-01,2.355205605168615712e-01,2.686165869947204077e-01,3.017126134725806041e-01,3.348086399504394683e-01,3.679046664282996648e-01,3.906221264947938310e-01,4.034327731686224716e-01,4.162434198424506682e-01,4.290540665162793088e-01,4.418647131901075054e-01,4.546753598639361460e-01,4.674860065377643425e-01,4.802966532115929832e-01,4.931072998854211797e-01,5.059179465592498204e-01,5.187285932330780724e-01,5.315392399069066576e-01,5.396699263728119700e-01,5.473206169199562598e-01,5.549713074671002166e-01,5.626219980142445065e-01,5.702726885613885743e-01,5.779233791085328642e-01,5.855740696556768210e-01,5.932247602028211109e-01,6.008754507499651787e-01,6.085261412971094686e-01,6.161768318442534254e-01,6.256235949416353304e-01,6.392151408472569463e-01,6.528066867528792283e-01,6.663982326585009552e-01,6.799897785641232373e-01,6.935813244697449642e-01,7.071728703753671352e-01,7.207644162809888622e-01,7.343559621866111442e-01,7.479475080922328711e-01,7.615390539978550422e-01,7.751305999034767691e-01,7.838209633020661871e-01,7.903874809476078012e-01,7.969539985931493042e-01,8.035205162386909183e-01,8.100870338842324214e-01,8.166535515297740355e-01,8.232200691753155386e-01,8.297865868208571527e-01,8.363531044663986558e-01,8.429196221119402699e-01,8.494861397574817730e-01,8.561548976679655976e-01,8.638204981616349754e-01,8.714860986553046862e-01,8.791516991489740640e-01,8.868172996426437749e-01,8.944829001363132637e-01,9.021485006299829745e-01,9.098141011236523523e-01,9.174797016173220632e-01,9.251453021109914410e-01,9.328109026046611518e-01,9.404765030983306406e-01,9.464108195258190692e-01,9.505314097887366254e-01,9.546520000516542925e-01,9.587725903145717377e-01,9.628931805774894048e-01,9.670137708404069610e-01,9.711343611033246281e-01,9.752549513662421843e-01,9.793755416291598515e-01,9.834961318920774076e-01,9.876167221549950748e-01,9.917373124179125199e-01,9.928091860286296644e-01,9.934799127114255501e-01,9.941506393942215469e-01,9.948213660770174327e-01,9.954920927598134295e-01,9.961628194426093152e-01,9.968335461254052010e-01,9.975042728082011978e-01,9.981749994909970836e-01,9.988457261737930803e-01,9.995164528565889661e-01,1.000000000000000000e+00,1.000000000000000000e+00,1.000000000000000000e+00,1.000000000000000000e+00,1.000000000000000000e+00,1.000000000000000000e+00,1.000000000000000000e+00,1.000000000000000000e+00,1.000000000000000000e+00,1.000000000000000000e+00,1.000000000000000000e+00,1.000000000000000000e+00,1.000000000000000000e+00,1.000000000000000000e+00,1.000000000000000000e+00,1.000000000000000000e+00,1.000000000000000000e+00,1.000000000000000000e+00,1.000000000000000000e+00,1.000000000000000000e+00,1.000000000000000000e+00,1.000000000000000000e+00,1.000000000000000000e+00,9.994464768787905129e-01,9.915126454747886786e-01,9.835788140707872884e-01,9.756449826667854541e-01,9.677111512627839529e-01,9.597773198587821186e-01,9.518434884547807284e-01,9.439096570507788941e-01,9.359758256467773929e-01,9.280419942427755586e-01,9.201081628387741684e-01,9.121743314347723341e-01,9.048893571848193318e-01,8.983505686620217867e-01,8.918117801392245747e-01,8.852729916164270296e-01,8.787342030936298176e-01,8.721954145708322725e-01,8.656566260480349495e-01,8.591178375252374044e-01,8.525790490024401924e-01,8.460402604796426473e-01,8.395014719568454353e-01,8.329626834340478903e-01,8.320502943378437211e-01,8.320502943378437211e-01,8.320502943378437211e-01,8.320502943378437211e-01,8.320502943378437211e-01,8.320502943378437211e-01,8.320502943378437211e-01,8.320502943378437211e-01,8.320502943378437211e-01,8.320502943378437211e-01,8.320502943378437211e-01,8.319273597894882855e-01,8.314467974640986636e-01,8.309662351387091528e-01,8.304856728133195309e-01,8.300051104879300201e-01,8.295245481625403983e-01,8.290439858371508874e-01,8.285634235117612656e-01,8.280828611863717548e-01,8.276022988609821329e-01,8.271217365355926221e-01,8.266411742102030002e-01,8.158889748441437995e-01,7.996341127777247815e-01,7.833792507113057635e-01,7.671243886448868565e-01,7.508695265784691708e-01,7.346146645120501528e-01,7.183598024456312459e-01,7.021049403792122279e-01,6.858500783127945422e-01,6.695952162463756352e-01,6.533403541799566172e-01,6.367438789449612058e-01,6.131443337541540028e-01,5.895447885633487983e-01,5.659452433725417064e-01,5.423456981817345035e-01,5.187461529909274116e-01,4.951466078001222071e-01,4.715470626093150597e-01,4.479475174185079123e-01,4.243479722277007649e-01,4.007484270368955603e-01,3.771488818460884129e-01,3.657719864094933215e-01,3.698342275045332639e-01,3.738964685995728177e-01,3.779587096946127600e-01,3.820209507896526469e-01,3.860831918846925892e-01,3.901454329797321430e-01,3.942076740747720853e-01,3.982699151698119722e-01,4.023321562648519145e-01,4.063943973598914683e-01,4.104566384549314106e-01,4.042079051620545704e-01,3.959542601826385178e-01,3.877006152032231867e-01,3.794469702238071340e-01,3.711933252443910813e-01,3.629396802649750287e-01,3.546860352855596421e-01,3.464323903061436449e-01,3.381787453267275922e-01,3.299251003473115396e-01,3.216714553678961530e-01,3.163317253510070648e-01,3.206079147104570759e-01,3.248841040699070870e-01,3.291602934293567095e-01,3.334364827888067206e-01,3.377126721482567318e-01,3.419888615077066873e-01,3.462650508671563654e-01,3.505412402266063210e-01,3.548174295860563321e-01,3.590936189455063432e-01,3.633698083049559657e-01,3.510046330900544742e-01,3.287779084977589528e-01,3.065511839054634313e-01,2.843244593131697417e-01,2.620977347208741648e-01,2.398710101285786711e-01,2.176442855362831497e-01,1.954175609439894323e-01,1.731908363516939109e-01,1.509641117593983894e-01,1.287373871671028680e-01,1.068130790522402590e-01,9.759026298949645406e-02,8.836744692675264912e-02,7.914463086400884417e-02,6.992181480126580251e-02,6.069899873852199756e-02,5.147618267577819262e-02,4.225336661303438768e-02,3.303055055029058273e-02,2.380773448754754107e-02,1.458491842480373613e-02,5.362102362059931182e-03,1.604151532297118377e-02,5.436291303895052218e-02,9.268431075493302473e-02,1.310057084709155273e-01,1.693271061868980298e-01,2.076485039028773683e-01,2.459699016188598708e-01,2.842912993348423734e-01,3.226126970508248482e-01,3.609340947668042143e-01,3.992554924827866891e-01,4.375768901987692194e-01,4.256715606184718892e-01,4.022858362276008903e-01,3.789001118367279486e-01,3.555143874458550624e-01,3.321286630549821206e-01,3.087429386641111217e-01,2.853572142732381800e-01,2.619714898823652938e-01,2.385857654914923243e-01,2.152000411006213254e-01,1.918143167097484114e-01,1.737199573759601046e-01,1.756151993689333279e-01,1.775104413619064125e-01,1.794056833548796359e-01,1.813009253478528593e-01,1.831961673408260827e-01,1.850914093337991673e-01,1.869866513267723906e-01,1.888818933197456140e-01,1.907771353127188374e-01,1.926723773056919220e-01,1.945676192986651454e-01,2.011338400820950612e-01,2.107541623823619148e-01,2.203744846826279358e-01,2.299948069828947894e-01,2.396151292831616153e-01,2.492354515834284412e-01,2.588557738836945177e-01,2.684760961839613436e-01,2.780964184842281695e-01,2.877167407844949953e-01,2.973370630847610441e-01,3.069573853850278700e-01,1.100000000000000089e+00
0.000000000000000000e+00,0.000000000000000000e+00,0.000000000000000000e+00,0.000000000000000000e+00,0.000000000000000000e+00,0.000000000000000000e+00,0.000000000000000000e+00,0.000000000000000000e+00,0.000000000000000000e+00,0.000000000000000000e+00,0.000000000000000000e+00,0.000000000000000000e+00,0.000000000000000000e+00,-1.992628729986048799e-03,-1.170669378866802390e-02,-2.142075884734999727e-02,-3.113482390603197411e-02,-4.084888896471394748e-02,-5.056295402339592432e-02,-6.027701908207790116e-02,-6.999108414075987106e-02,-7.970514919944186871e-02,-8.941921425812385249e-02,-9.913327931680582239e-02,-1.088473443754878062e-01,-1.185614094341697761e-01,-1.356491352142133733e-01,-1.633364982812141597e-01,-1.910238613482149739e-01,-2.187112244152157881e-01,-2.463985874822166022e-01,-2.740859505492174164e-01,-3.017733136162181751e-01,-3.294606766832189892e-01,-3.571480397502198034e-01,-3.848354028172206176e-01,-4.125227658842214318e-01,-4.402101289512222460e-01,-4.678974920182230601e-01,-4.809249245683153151e-01,-4.847899005453395471e-01,-4.886548765223638346e-01,-4.925198524993880667e-01,-4.963848284764122987e-01,-5.002498044534365862e-01,-5.041147804304607627e-01,-5.079797564074850502e-01,-5.118447323845092267e-01,-5.157097083615335142e-01,-5.195746843385576907e-01,-5.234396603155819783e-01,-5.273046362926061548e-01,-5.382256284362887389e-01,-5.506901241164277039e-01,-5.631546197965668910e-01,-5.756191154767058560e-01,-5.880836111568449320e-01,-6.005481068369838971e-01,-6.130126025171230841e-01,-6.254770981972620492e-01,-6.379415938774011252e-01,-6.504060895575400902e-01,-6.628705852376792773e-01,-6.753350809178182423e-01,-6.876952296904643713e-01,-6.960901959783788451e-01,-7.044851622662930968e-01,-7.128801285542074595e-01,-7.212750948421218222e-01,-7.296700611300361849e-01,-7.380650274179504367e-01,-7.464599937058649104e-01,-7.548549599937791621e-01,-7.632499262816935248e-01,-7.716448925696078875e-01,-7.800398588575222503e-01,-7.884348251454365020e-01,-7.970614226100506405e-01,-8.064601239969969582e-01,-8.158588253839433868e-01,-8.252575267708897044e-01,-8.346562281578361331e-01,-8.440549295447826728e-01,-8.534536309317289904e-01,-8.628523323186754190e-01,-8.722510337056217367e-01,-8.816497350925681653e-01,-8.910484364795144829e-01,-9.004471378664609116e-01,-9.098458392534072292e-01,-9.166949295051428637e-01,-9.202445229936642157e-01,-9.237941164821856788e-01,-9.273437099707071418e-01,-9.308933034592286049e-01,-9.344428969477499569e-01,-9.379924904362714200e-01,-9.415420839247928830e-01,-9.450916774133142351e-01,-9.486412709018356981e-01,-9.521908643903571612e-01,-9.557404578788786242e-01,-9.592900513673999763e-01,-9.621841233406709382e-01,-9.647111032654017704e-01,-9.672380831901326026e-01,-9.697650631148633238e-01,-9.722920430395940450e-01,-9.748190229643248772e-01,-9.773460028890557094e-01,-9.798729828137864306e-01,-9.823999627385171518e-01,-9.849269426632479840e-01,-9.874539225879788162e-01,-9.899809025127095374e-01,-9.925078824374403696e-01,-9.933664092948762958e-01,-9.939215810491677239e-01,-9.944767528034592630e-01,-9.950319245577506910e-01,-9.955870963120422301e-01,-9.961422680663336582e-01,-9.966974398206250862e-01,-9.972526115749166253e-01,-9.978077833292080534e-01,-9.983629550834994815e-01,-9.989181268377910206e-01,-9.994732985920824486e-01,-9.993843873490870777e-01,-9.873799406562826508e-01,-9.753754939634778909e-01,-9.633710472706734640e-01,-9.513666005778690371e-01,-9.393621538850646102e-01,-9.273577071922598503e-01,-9.153532604994554234e-01,-9.033488138066509965e-01,-8.913443671138465696e-01,-8.793399204210419207e-01,-8.673354737282374938e-01,-8.553310270354329559e-01,-8.436672228904535942e-01,-8.329912821341668439e-01,-8.223153413778803156e-01,-8.116394006215937873e-01,-8.009634598653070370e-01,-7.902875191090205087e-01,-7.796115783527339804e-01,-7.689356375964474521e-01,-7.582596968401607018e-01,-7.475837560838741735e-01,-7.369078153275876453e-01,-7.262318745713012280e-01,-7.155559338150143667e-01,-7.079601275580347242e-01,-7.039578115502466149e-01,-6.999554955424583946e-01,-6.959531795346701744e-01,-6.919508635268819541e-01,-6.879485475190937338e-01,-6.839462315113056246e-01,-6.799439155035172933e-01,-6.759415994957290730e-01,-6.719392834879409637e-01,-6.679369674801526324e-01,-6.639346514723644122e-01,-6.599323354645763029e-01,-6.514718922937218215e-01,-6.407823855413338210e-01,-6.300928787889460425e-01,-6.194033720365582640e-01,-6.087138652841705966e-01,-5.980243585317825961e-01,-5.873348517793948176e-01,-5.766453450270070391e-01,-5.659558382746192606e-01,-5.552663315222312601e-01,-5.445768247698434816e-01,-5.338873180174558142e-01,-5.231978112650678137e-01,-5.049069430988885054e-01,-4.854982276659751683e-01,-4.660895122330618312e-01,-4.466807968001480500e-01,-4.272720813672346574e-01,-4.078633659343213202e-01,-3.884546505014079831e-01,-3.690459350684942019e-01,-3.496372196355808093e-01,-3.302285042026674722e-01,-3.108197887697541351e-01,-2.914110733368403539e-01,-2.730051995064333714e-01,-2.666334249061043660e-01,-2.602616503057753050e-01,-2.538898757054463551e-01,-2.475181011051173774e-01,-2.411463265047884275e-01,-2.347745519044593110e-01,-2.284027773041303611e-01,-2.220310027038014111e-01,-2.156592281034724334e-01,-2.092874535031433447e-01,-2.029156789028143948e-01,-1.965439043024854171e-01,-1.887428842458729883e-01,-1.773037848459930732e-01,-1.658646854461131581e-01,-1.544255860462327434e-01,-1.429864866463528283e-01,-1.315473872464729133e-01,-1.201082878465929843e-01,-1.086691884467130831e-01,-9.723008904683316800e-02,-8.579098964695325291e-02,-7.435189024707282435e-02,-6.291279084719289538e-02,-5.147369144731298030e-02,-4.387092901982687226e-02,-4.030641603696596270e-02,-3.674190305410506008e-02,-3.317739007124415052e-02,-2.961287708838324095e-02,-2.604836410552217180e-02,-2.248385112266126223e-02,-1.891933813980035267e-02,-1.535482515693944658e-02,-1.179031217407854049e-02,-8.225799191217630923e-03,-4.661286208356721361e-03,-1.096773225495652204e-03,0.000000000000000000e+00,0.000000000000000000e+00,0.000000000000000000e+00,0.000000000000000000e+00,0.000000000000000000e+00,0.000000000000000000e+00,0.000000000000000000e+00,0.000000000000000000e+00,0.000000000000000000e+00,0.000000000000000000e+00,0.000000000000000000e+00,0.000000000000000000e+00,0.000000000000000000e+00,2.661121803564171079e-02,5.626371813250193032e-02,8.591621822936079678e-02,1.155687183262196632e-01,1.452212184230785297e-01,1.748737185199374100e-01,2.045262186167962903e-01,2.341787187136551429e-01,2.638312188105140232e-01,2.934837189073742358e-01,3.231362190042331162e-01,3.527887191010919965e-01,3.797497813690735580e-01,3.831607626343746520e-01,3.865717438996757460e-01,3.899827251649768400e-01,3.933937064302781006e-01,3.968046876955791946e-01,4.002156689608802886e-01,4.036266502261813827e-01,4.070376314914824767e-01,4.104486127567835707e-01,4.138595940220846647e-01,4.172705752873857588e-01,4.206815565526870193e-01,4.236070095368639765e-01,4.254400238885115426e-01,4.272730382401590532e-01,4.291060525918066193e-01,4.309390669434541854e-01,4.327720812951017515e-01,4.346050956467493731e-01,4.364381099983969392e-01,4.382711243500444498e-01,4.401041387016920159e-01,4.419371530533395820e-01,4.437701674049870926e-01,4.456031817566346587e-01,4.532881782375549617e-01,4.665325577412856584e-01,4.797769372450158554e-01,4.930213167487459969e-01,5.062656962524760829e-01,5.195100757562063354e-01,5.327544552599363659e-01,5.459988347636666184e-01,5.592432142673973150e-01,5.724875937711274565e-01,5.857319732748575980e-01,5.989763527785877395e-01,6.122207322823178810e-01,6.265688221302366800e-01,6.413505124705152216e-01,6.561322028107938742e-01,6.709138931510730819e-01,6.856955834913516235e-01,7.004772738316302760e-01,7.152589641719088176e-01,7.300406545121873592e-01,7.448223448524660117e-01,7.596040351927445533e-01,7.743857255330237610e-01,7.891674158733024136e-01,8.039491062135809551e-01,8.107374407252848636e-01,8.168596622512740435e-01,8.229818837772632234e-01,8.291041053032524033e-01,8.352263268292415832e-01,8.413485483552309852e-01,8.474707698812202761e-01,8.535929914072094560e-01,8.597152129331986359e-01,8.658374344591878158e-01,8.719596559851769957e-01,8.780818775111661756e-01,8.838377564273460774e-01,8.871025055968217998e-01,8.903672547662974113e-01,8.936320039357729117e-01,8.968967531052485231e-01,9.001615022747241346e-01,9.034262514441997460e-01,9.066910006136753575e-01,9.099557497831510799e-01,9.132204989526266914e-01,9.164852481221021918e-01,9.197499972915778033e-01,9.230147464610534147e-01,9.264043335646088284e-01,9.300435965363237356e-01,9.336828595080387538e-01,9.373221224797538831e-01,9.409613854514689013e-01,9.446006484231839195e-01,9.482399113948989378e-01,9.518791743666138450e-01,9.555184373383288632e-01,9.591577003100438814e-01,9.627969632817590107e-01,9.664362262534740289e-01,9.700754892251890471e-01,9.729438101199634481e-01,9.751513235202174945e-01,9.773588369204715409e-01,9.795663503207254763e-01,9.817738637209795227e-01,9.839813771212336801e-01,9.861888905214876155e-01,9.883964039217416619e-01,9.906039173219957084e-01,9.928114307222496437e-01,9.950189441225036902e-01,9.972264575227576255e-01,9.994339709230117830e-01,1.000000000000000000e+00,1.000000000000000000e+00,1.000000000000000000e+00,1.000000000000000000e+00,1.000000000000000000e+00,1.000000000000000000e+00,1.000000000000000000e+00,1.000000000000000000e+00,1.000000000000000000e+00,1.000000000000000000e+00,1.000000000000000000e+00,1.000000000000000000e+00,1.000000000000000000e+00,9.994040923923714903e-01,9.987759735627088631e-01,9.981478547330463469e-01,9.975197359033838307e-01,9.968916170737213145e-01,9.962634982440587983e-01,9.956353794143962821e-01,9.950072605847337659e-01,9.943791417550712497e-01,9.937510229254086225e-01,9.931229040957461063e-01,9.924947852660835901e-01,9.912962100926513420e-01,9.869601250284847360e-01,9.826240399643182410e-01,9.782879549001517461e-01,9.739518698359849180e-01,9.696157847718184231e-01,9.652796997076519281e-01,9.609436146434853221e-01,9.566075295793188271e-01,9.522714445151523321e-01,9.479353594509857261e-01,9.435992743868192312e-01,9.392631893226525142e-01,9.341626921032015751e-01,9.276971731778855812e-01,9.212316542525694762e-01,9.147661353272534823e-01,9.083006164019374884e-01,9.018350974766214945e-01,8.953695785513051675e-01,8.889040596259891736e-01,8.824385407006731796e-01,8.759730217753571857e-01,8.695075028500411918e-01,8.630419839247251979e-01,8.565764649994090929e-01,8.430515440129798810e-01,8.240716305247794971e-01,8.050917170365807785e-01,7.861118035483803945e-01,7.671318900601817870e-01,7.481519765719814030e-01,7.291720630837810191e-01,7.101921495955823005e-01,6.912122361073819166e-01,6.722323226191831980e-01,6.532524091309828140e-01,6.342724956427840954e-01,6.152925821545837115e-01,6.037712014051640486e-01,5.944873804773797010e-01,5.852035595495944653e-01,5.759197386218101178e-01,5.666359176940248821e-01,5.573520967662405345e-01,5.480682758384552988e-01,5.387844549106700631e-01,5.295006339828857156e-01,5.202168130551004799e-01,5.109329921273160213e-01,5.016491711995308966e-01,4.923653502717464936e-01,4.803670009416597941e-01,4.682972166536176206e-01,4.562274323655765018e-01,4.441576480775343283e-01,4.320878637894932650e-01,4.200180795014510915e-01,4.079482952134100282e-01,3.958785109253678547e-01,3.838087266373267359e-01,3.717389423492845624e-01,3.596691580612423889e-01,3.475993737732012701e-01,3.405517603436568619e-01,3.564626422672454997e-01,3.723735241908356364e-01,3.882844061144243297e-01,4.041952880380144664e-01,4.201061699616046030e-01,4.360170518851932964e-01,4.519279338087834330e-01,4.678388157323720709e-01,4.837496976559622075e-01,4.996605795795509009e-01,5.155714615031410375e-01,5.314823434267311741e-01,5.250029042159921611e-01,4.826989511903218566e-01,4.403949981646553824e-01,3.980910451389850779e-01,3.557870921133186037e-01,3.134831390876482993e-01,2.711791860619779948e-01,2.288752330363115206e-01,1.865712800106411606e-01,1.442673269849746864e-01,1.019633739593043820e-01,5.965942093363790777e-02,1.735546790796760330e-02,8.272587054060035611e-03,2.230001727616416282e-02,3.632744749826829350e-02,5.035487772037114396e-02,6.438230794247527811e-02,7.840973816457812162e-02,9.243716838668225577e-02,1.064645986087851132e-01,1.204920288308892334e-01,1.345194590529933676e-01,1.485468892750962111e-01,1.625743194972003591e-01,1.766017497193032026e-01,1.869223494526981444e-01,1.962863477696508985e-01,2.056503460866044852e-01,2.150143444035580720e-01,2.243783427205107983e-01,2.337423410374643851e-01,2.431063393544171392e-01,2.524703376713707259e-01,2.618343359883234522e-01,2.711983343052770667e-01,2.805623326222306257e-01,2.899263309391834076e-01,2.992903292561369666e-01,1.100000000000000089e+00
-1.009375106042938453e-01,-1.173460041386964747e-01,-1.337544976730991042e-01,-1.501629912075017059e-01,-1.665714847419043354e-01,-1.829799782763069649e-01,-1.993884718107095666e-01,-2.157969653451121961e-01,-2.322054588795148256e-01,-2.576574356128165100e-01,-2.907398512951893110e-01,-3.238222669775621121e-01,-3.569046826599349131e-01,-3.899870983423077697e-01,-4.230695140246805708e-01,-4.561519297070534273e-01,-4.892343453894262284e-01,-5.202257448023416275e-01,-5.286341685051180184e-01,-5.370425922078944092e-01,-5.454510159106708000e-01,-5.538594396134471909e-01,-5.622678633162234707e-01,-5.706762870189998615e-01,-5.790847107217762524e-01,-5.874931344245526432e-01,-6.045776590533025185e-01,-6.268209463947935767e-01,-6.490642337362845238e-01,-6.713075210777755819e-01,-6.935508084192665290e-01,-7.157940957607575871e-01,-7.380373831022486453e-01,-7.602806704437395924e-01,-7.806879922528182636e-01,-7.920990829530762944e-01,-8.035101736533343253e-01,-8.149212643535923561e-01,-8.263323550538503870e-01,-8.377434457541084178e-01,-8.491545364543664487e-01,-8.605656271546245906e-01,-8.719767178548826214e-01,-8.802775007131828922e-01,-8.873193494449764795e-01,-8.943611981767700669e-01,-9.014030469085636543e-01,-9.084448956403571307e-01,-9.154867443721507181e-01,-9.225285931039443055e-01,-9.295704418357378929e-01,-9.362899218730444950e-01,-9.420637870731896069e-01,-9.478376522733347187e-01,-9.536115174734797195e-01,-9.593853826736248314e-01,-9.651592478737698322e-01,-9.709331130739149440e-01,-9.767069782740599448e-01,-9.824808434742050567e-01,-9.842938850203780676e-01,-9.850956524421327076e-01,-9.858974198638873476e-01,-9.866991872856419876e-01,-9.875009547073966276e-01,-9.883027221291512676e-01,-9.891044895509059076e-01,-9.899062569726605476e-01,-9.901994166487789739e-01,-9.895007912209068390e-01,-9.888021657930345931e-01,-9.881035403651624582e-01,-9.874049149372902123e-01,-9.867062895094180774e-01,-9.860076640815458315e-01,-9.853090386536736967e-01,-9.846104132258014507e-01,-9.861398875391546026e-01,-9.879692983561341180e-01,-9.897987091731137443e-01,-9.916281199900933707e-01,-9.934575308070729971e-01,-9.952869416240525124e-01,-9.971163524410321388e-01,-9.989457632580117652e-01,-1.000000000000000000e+00,-1.000000000000000000e+00,-1.000000000000000000e+00,-1.000000000000000000e+00,-1.000000000000000000e+00,-1.000000000000000000e+00,-1.000000000000000000e+00,-1.000000000000000000e+00,-1.000000000000000000e+00,-9.852100698722948691e-01,-9.699011948278279949e-01,-9.545923197833611207e-01,-9.392834447388942465e-01,-9.239745696944273723e-01,-9.086656946499604981e-01,-8.933568196054936239e-01,-8.780479445610267497e-01,-8.553814084057120848e-01,-8.256024665099107596e-01,-7.958235246141095454e-01,-7.660445827183083312e-01,-7.362656408225070059e-01,-7.064866989267057917e-01,-6.767077570309045775e-01,-6.469288151351033633e-01,-6.176272959823891906e-01,-5.972376680339691601e-01,-5.768480400855492407e-01,-5.564584121371292103e-01,-5.360687841887091798e-01,-5.156791562402891493e-01,-4.952895282918691744e-01,-4.748999003434491994e-01,-4.545102723950291690e-01,-4.530612968099494986e-01,-4.646001971311607970e-01,-4.761390974523720399e-01,-4.876779977735833382e-01,-4.992168980947945811e-01,-5.107557984160058240e-01,-5.222946987372171224e-01,-5.338335990584284207e-01,-5.370617076122623512e-01,-4.873085186490631604e-01,-4.375553296858638586e-01,-3.878021407226646122e-01,-3.380489517594653659e-01,-2.882957627962661196e-01,-2.385425738330668732e-01,-1.887893848698676269e-01,-1.390361959066683806e-01,-1.215837161671806804e-01,-1.194740733089564161e-01,-1.173644304507321517e-01,-1.152547875925078874e-01,-1.131451447342836231e-01,-1.110355018760593587e-01,-1.089258590178350944e-01,-1.068162161596108300e-01,-1.024314733338618222e-01,-8.999637677687039039e-02,-7.756128021987897248e-02,-6.512618366288755456e-02,-5.269108710589612277e-02,-4.025599054890470485e-02,-2.782089399191327306e-02,-1.538579743492185514e-02,-2.950700877930423349e-03,-9.594531016763956435e-03,-2.217402723874371123e-02,-3.475352346072346776e-02,-4.733301968270322430e-02,-5.991251590468297389e-02,-7.249201212666273042e-02,-8.507150834864248001e-02,-9.765100457062224348e-02,-1.051842828676554237e-01,-1.012233981134203348e-01,-9.726251335918523200e-02,-9.330162860495014310e-02,-8.934074385071505420e-02,-8.537985909647995142e-02,-8.141897434224484864e-02,-7.745808958800975974e-02,-7.349720483377467084e-02,-6.558909405114173030e-02,-5.697048258339706961e-02,-4.835187111565240892e-02,-3.973325964790774822e-02,-3.111464818016308753e-02,-2.249603671241842684e-02,-1.387742524467377309e-02,-5.258813776929105455e-03,0.000000000000000000e+00,0.000000000000000000e+00,0.000000000000000000e+00,0.000000000000000000e+00,0.000000000000000000e+00,0.000000000000000000e+00,0.000000000000000000e+00,0.000000000000000000e+00,0.000000000000000000e+00,0.000000000000000000e+00,0.000000000000000000e+00,0.000000000000000000e+00,0.000000000000000000e+00,0.000000000000000000e+00,0.000000000000000000e+00,0.000000000000000000e+00,0.000000000000000000e+00,0.000000000000000000e+00,0.000000000000000000e+00,0.000000000000000000e+00,0.000000000000000000e+00,0.000000000000000000e+00,0.000000000000000000e+00,0.000000000000000000e+00,0.000000000000000000e+00,0.000000000000000000e+00,0.000000000000000000e+00,0.000000000000000000e+00,0.000000000000000000e+00,0.000000000000000000e+00,0.000000000000000000e+00,0.000000000000000000e+00,0.000000000000000000e+00,0.000000000000000000e+00,0.000000000000000000e+00,0.000000000000000000e+00,0.000000000000000000e+00,0.000000000000000000e+00,0.000000000000000000e+00,0.000000000000000000e+00,0.000000000000000000e+00,0.000000000000000000e+00,1.957184348965598873e-03,2.120283044713050166e-02,4.044847654529541009e-02,5.969412264346030811e-02,7.893976874162521307e-02,9.818541483979012496e-02,1.174310609379550230e-01,1.366767070361199210e-01,1.559223531342848190e-01,1.743739578322003880e-01,1.923867501773465216e-01,2.103995425224926830e-01,2.284123348676388165e-01,2.464251272127849779e-01,2.644379195579311115e-01,2.824507119030772451e-01,3.004635042482234342e-01,3.195627995496915785e-01,3.434031986605653453e-01,3.672435977714391120e-01,3.910839968823128787e-01,4.149243959931866454e-01,4.387647951040604122e-01,4.626051942149341789e-01,4.864455933258080012e-01,5.102859924366818234e-01,5.280375469359297469e-01,5.435234848355027237e-01,5.590094227350757006e-01,5.744953606346486774e-01,5.899812985342216543e-01,6.054672364337947421e-01,6.209531743333677190e-01,6.364391122329406958e-01,6.532493592428610940e-01,6.736186869868401317e-01,6.939880147308191694e-01,7.143573424747982070e-01,7.347266702187773557e-01,7.550959979627563934e-01,7.754653257067354311e-01,7.958346534507144687e-01,8.162039811946935064e-01,8.247999995338356483e-01,8.306979678010357748e-01,8.365959360682357904e-01,8.424939043354358059e-01,8.483918726026359325e-01,8.542898408698359480e-01,8.601878091370359636e-01,8.660857774042360901e-01,8.704415610080021848e-01,8.720067247446018355e-01,8.735718884812015972e-01,8.751370522178012479e-01,8.767022159544010096e-01,8.782673796910006603e-01,8.798325434276004220e-01,8.813977071642000727e-01,8.829628709007998344e-01,8.866992264589192985e-01,8.906813773175884519e-01,8.946635281762573833e-01,8.986456790349266477e-01,9.026278298935955791e-01,9.066099807522647325e-01,9.105921316109336638e-01,9.145742824696028173e-01,9.184409133265170055e-01,9.221609226427426309e-01,9.258809319589680342e-01,9.296009412751935486e-01,9.333209505914189519e-01,9.370409599076445772e-01,9.407609692238699806e-01,9.444809785400956059e-01,9.482009878563210092e-01,9.474134472015700581e-01,9.465481901680091736e-01,9.456829331344481782e-01,9.448176761008872937e-01,9.439524190673262982e-01,9.430871620337653027e-01,9.422219050002043073e-01,9.413566479666434228e-01,9.427347628654514367e-01,9.461391491870445591e-01,9.495435355086377927e-01,9.529479218302308041e-01,9.563523081518240376e-01,9.597566944734171601e-01,9.631610807950103936e-01,9.665654671166035161e-01,9.699626770949516530e-01,9.732612123536793503e-01,9.765597476124073806e-01,9.798582828711350778e-01,9.831568181298631082e-01,9.864553533885908054e-01,9.897538886473188358e-01,9.930524239060465330e-01,9.963509591647745633e-01,9.978073181438924522e-01,9.980867311665930774e-01,9.983661441892935917e-01,9.986455572119941060e-01,9.989249702346946203e-01,9.992043832573951345e-01,9.994837962800956488e-01,9.997632093027961631e-01,1.000000000000000000e+00,1.000000000000000000e+00,1.000000000000000000e+00,1.000000000000000000e+00,1.000000000000000000e+00,1.000000000000000000e+00,1.000000000000000000e+00,1.000000000000000000e+00,1.000000000000000000e+00,1.000000000000000000e+00,1.000000000000000000e+00,1.000000000000000000e+00,1.000000000000000000e+00,1.000000000000000000e+00,1.000000000000000000e+00,1.000000000000000000e+00,1.000000000000000000e+00,1.000000000000000000e+00,1.000000000000000000e+00,1.000000000000000000e+00,1.000000000000000000e+00,1.000000000000000000e+00,1.000000000000000000e+00,1.000000000000000000e+00,1.000000000000000000e+00,1.000000000000000000e+00,1.000000000000000000e+00,1.000000000000000000e+00,1.000000000000000000e+00,1.000000000000000000e+00,1.000000000000000000e+00,1.000000000000000000e+00,1.000000000000000000e+00,1.000000000000000000e+00,9.983478917573908040e-01,9.932176608987616229e-01,9.880874300401327748e-01,9.829571991815035936e-01,9.778269683228747455e-01,9.726967374642454534e-01,9.675665066056166053e-01,9.624362757469874241e-01,9.573060448883585760e-01,9.576270329125275982e-01,9.588031140947826936e-01,9.599791952770379000e-01,9.611552764592931064e-01,9.623313576415483128e-01,9.635074388238035192e-01,9.646835200060587256e-01,9.658596011883138210e-01,9.657118271195858084e-01,9.636334308098404300e-01,9.615550345000949406e-01,9.594766381903494512e-01,9.573982418806039618e-01,9.553198455708585835e-01,9.532414492611130941e-01,9.511630529513677157e-01,9.490846566416221153e-01,9.489457932375029436e-01,9.489108333818994101e-01,9.488758735262958766e-01,9.488409136706923430e-01,9.488059538150888095e-01,9.487709939594852759e-01,9.487360341038817424e-01,9.487010742482783199e-01,9.458542824948968919e-01,9.400986991231241596e-01,9.343431157513516494e-01,9.285875323795789171e-01,9.228319490078064069e-01,9.170763656360336746e-01,9.113207822642611644e-01,9.055651988924884321e-01,8.992315820103096158e-01,8.764240100815324785e-01,8.536164381527566736e-01,8.308088662239794253e-01,8.080012942952037314e-01,7.851937223664264831e-01,7.623861504376506781e-01,7.395785785088735409e-01,7.167710065800977359e-01,7.163950692457686786e-01,7.325129808779460294e-01,7.486308925101243794e-01,7.647488041423018412e-01,7.808667157744801912e-01,7.969846274066575420e-01,8.131025390388358920e-01,8.292204506710132428e-01,8.421501032362170847e-01,8.313955455896087088e-01,8.206409879429995557e-01,8.098864302963911799e-01,7.991318726497820268e-01,7.883773150031736510e-01,7.776227573565644979e-01,7.668681997099561221e-01,7.561136420633469690e-01,7.404957457969479906e-01,7.223838297255268381e-01,7.042719136541067959e-01,6.861599975826856435e-01,6.680480815112656012e-01,6.499361654398444488e-01,6.318242493684244065e-01,6.137123332970032541e-01,5.982066469837131750e-01,5.929086938897669690e-01,5.876107407958209849e-01,5.823127877018747789e-01,5.770148346079287949e-01,5.717168815139825888e-01,5.664189284200366048e-01,5.611209753260902877e-01,5.558230222321444147e-01,5.448410393614460112e-01,5.319213190668553581e-01,5.190015987722639279e-01,5.060818784776732748e-01,4.931621581830819001e-01,4.802424378884912470e-01,4.673227175938998168e-01,4.544029972993091637e-01,4.360088572717693012e-01,4.040896802569461377e-01,3.721705032421210868e-01,3.402513262272979233e-01,3.083321492124728724e-01,2.764129721976497089e-01,2.444937951828246303e-01,2.125746181680014668e-01,1.806554411531763882e-01,1.701663848854614858e-01,1.640508226477685183e-01,1.579352604100759394e-01,1.518196981723829719e-01,1.457041359346903653e-01,1.395885736969973978e-01,1.334730114593047912e-01,1.273574492216118514e-01,1.180763946710640111e-01,1.034715575943492005e-01,8.886672051763527813e-02,7.426188344092049531e-02,5.965704636420657292e-02,4.505220928749176235e-02,3.044737221077785383e-02,1.584253513406304326e-02,1.237698057349134739e-03,0.000000000000000000e+00,0.000000000000000000e+00,0.000000000000000000e+00,0.000000000000000000e+00,0.000000000000000000e+00,0.000000000000000000e+00,0.000000000000000000e+00,0.000000000000000000e+00,-5.185675857393270798e-03,-1.651733791614120109e-02,-2.784899997488981399e-02,-3.918066203363774341e-02,-5.051232409238635285e-02,-6.184398615113428227e-02,-7.317564820988289864e-02,-8.450731026863082807e-02,-9.583897232737943750e-02,1.000000000000000000e+00
-1.000000000000000000e+00,-9.926835895623534745e-01,-9.853671791247069489e-01,-9.780507686870604234e-01,-9.707343582494138978e-01,-9.634179478117674833e-01,-9.561015373741208467e-01,-9.487851269364744322e-01,-9.414687164988279067e-01,-9.341523060611813811e-01,-9.268358956235348556e-01,-9.195194851858883300e-01,-9.148392495545797365e-01,-9.115225526162045178e-01,-9.082058556778292990e-01,-9.048891587394539693e-01,-9.015724618010787506e-01,-8.982557648627035318e-01,-8.949390679243283131e-01,-8.916223709859530944e-01,-8.883056740475778756e-01,-8.849889771092026569e-01,-8.816722801708274382e-01,-8.773162361177432311e-01,-8.707330196759970331e-01,-8.641498032342509461e-01,-8.575665867925047481e-01,-8.509833703507586611e-01,-8.444001539090124631e-01,-8.378169374672663761e-01,-8.312337210255201780e-01,-8.246505045837740910e-01,-8.180672881420278930e-01,-8.114840717002818060e-01,-8.049008552585356080e-01,-7.970987342466495651e-01,-7.892682666168532313e-01,-7.814377989870570085e-01,-7.736073313572606747e-01,-7.657768637274643408e-01,-7.579463960976681181e-01,-7.501159284678717842e-01,-7.422854608380755614e-01,-7.344549932082792276e-01,-7.266245255784828938e-01,-7.187940579486866710e-01,-7.103819660851889983e-01,-7.016375175167193223e-01,-6.928930689482494243e-01,-6.841486203797796373e-01,-6.754041718113098502e-01,-6.666597232428400632e-01,-6.579152746743702762e-01,-6.491708261059003782e-01,-6.404263775374307022e-01,-6.316819289689609151e-01,-6.229374804004910171e-01,-6.172896339178123304e-01,-6.190259924089428489e-01,-6.207623509000733675e-01,-6.224987093912038860e-01,-6.242350678823345156e-01,-6.259714263734650341e-01,-6.277077848645955527e-01,-6.294441433557260712e-01,-6.311805018468565898e-01,-6.329168603379871083e-01,-6.346532188291176269e-01,-6.363895773202482564e-01,-6.299486007998328363e-01,-6.231182273741057154e-01,-6.162878539483785945e-01,-6.094574805226515846e-01,-6.026271070969243526e-01,-5.957967336711973427e-01,-5.889663602454702218e-01,-5.821359868197431009e-01,-5.753056133940160910e-01,-5.684752399682888591e-01,-5.616448665425618492e-01,-5.530346293449940331e-01,-5.433037371799709359e-01,-5.335728450149479496e-01,-5.238419528499247413e-01,-5.141110606849017550e-01,-5.043801685198786577e-01,-4.946492763548555605e-01,-4.849183841898325742e-01,-4.751874920248094214e-01,-4.654565998597863796e-01,-4.557257076947632823e-01,-4.418925711501430764e-01,-4.171201162599294521e-01,-3.923476613697163273e-01,-3.675752064795032026e-01,-3.428027515892900778e-01,-3.180302966990764535e-01,-2.932578418088632732e-01,-2.684853869186501485e-01,-2.437129320284369960e-01,-2.189404771382238712e-01,-1.941680222480102191e-01,-1.693955673577970944e-01,-1.539270413725258579e-01,-1.391392906729819468e-01,-1.243515399734380217e-01,-1.095637892738938052e-01,-9.477603857434988011e-02,-7.998828787480596891e-02,-6.520053717526204384e-02,-5.041278647571811877e-02,-3.562503577617390227e-02,-2.083728507662999108e-02,-6.049534377086079884e-03,0.000000000000000000e+00,0.000000000000000000e+00,0.000000000000000000e+00,0.000000000000000000e+00,0.000000000000000000e+00,0.000000000000000000e+00,0.000000000000000000e+00,0.000000000000000000e+00,0.000000000000000000e+00,0.000000000000000000e+00,0.000000000000000000e+00,8.093577654244111380e-03,4.046788827122120569e-02,7.284219888819765121e-02,1.052165095051740967e-01,1.375908201221505422e-01,1.699651307391269739e-01,2.023394413561040717e-01,2.347137519730805311e-01,2.670880625900569627e-01,2.994623732070333944e-01,3.318366838240098260e-01,3.642109944409869238e-01,3.964762183938211337e-01,4.287305336802411104e-01,4.609848489666611426e-01,4.932391642530811193e-01,5.254934795395016511e-01,5.577477948259217388e-01,5.900021101123417155e-01,6.222564253987616922e-01,6.545107406851815579e-01,6.867650559716023118e-01,7.190193712580221774e-01,7.379174693759060766e-01,7.466648424457028588e-01,7.554122155154995299e-01,7.641595885852964232e-01,7.729069616550932054e-01,7.816543347248898765e-01,7.904017077946866587e-01,7.991490808644834409e-01,8.078964539342803342e-01,8.166438270040770053e-01,8.253912000738737875e-01,8.326302263945839499e-01,8.347408737683997826e-01,8.368515211422156153e-01,8.389621685160314479e-01,8.410728158898471696e-01,8.431834632636630023e-01,8.452941106374788349e-01,8.474047580112946676e-01,8.495154053851105003e-01,8.516260527589263329e-01,8.537367001327420546e-01,8.558473475065579983e-01,8.630061987091554032e-01,8.708122555308273061e-01,8.786183123524990979e-01,8.864243691741710007e-01,8.942304259958430146e-01,9.020364828175149174e-01,9.098425396391868203e-01,9.176485964608587231e-01,9.254546532825305150e-01,9.332607101042026398e-01,9.410667669258745427e-01,9.468601605947322142e-01,9.509763349695784518e-01,9.550925093444245784e-01,9.592086837192707049e-01,9.633248580941169426e-01,9.674410324689630691e-01,9.715572068438091957e-01,9.756733812186553223e-01,9.797895555935014489e-01,9.839057299683475755e-01,9.880219043431938131e-01,9.914064647141991315e-01,9.919458595147128133e-01,9.924852543152264950e-01,9.930246491157400657e-01,9.935640439162537474e-01,9.941034387167674291e-01,9.946428335172811108e-01,9.951822283177946815e-01,9.957216231183083632e-01,9.962610179188220449e-01,9.968004127193357267e-01,9.973398075198492974e-01,9.976103398501933173e-01,9.978384202115631041e-01,9.980665005729330019e-01,9.982945809343027888e-01,9.985226612956726866e-01,9.987507416570424734e-01,9.989788220184123713e-01,9.992069023797821581e-01,9.994349827411520559e-01,9.996630631025218428e-01,9.998911434638916296e-01,9.989790191401730635e-01,9.970258383648520351e-01,9.950726575895310066e-01,9.931194768142100893e-01,9.911662960388890609e-01,9.892131152635680325e-01,9.872599344882468930e-01,9.853067537129259756e-01,9.833535729376049472e-01,9.814003921622839188e-01,9.794472113869628904e-01,9.777533054935827472e-01,9.772261365689360879e-01,9.766989676442895396e-01,9.761717987196428803e-01,9.756446297949963320e-01,9.751174608703496727e-01,9.745902919457031244e-01,9.740631230210564651e-01,9.735359540964099168e-01,9.730087851717632574e-01,9.724816162471167091e-01,9.719544473224700498e-01,9.693465071183177129e-01,9.663449074829075780e-01,9.633433078474974431e-01,9.603417082120871973e-01,9.573401085766770624e-01,9.543385089412669275e-01,9.513369093058567927e-01,9.483353096704466578e-01,9.453337100350365230e-01,9.423321103996263881e-01,9.393305107642162532e-01,9.335991807775423368e-01,9.251381204396046387e-01,9.166770601016666076e-01,9.082159997637289095e-01,8.997549394257912114e-01,8.912938790878535134e-01,8.828328187499158153e-01,8.743717584119781172e-01,8.659106980740404191e-01,8.574496377361027211e-01,8.489885773981651340e-01,8.409030977329842171e-01,8.348028301952342689e-01,8.287025626574842097e-01,8.226022951197341504e-01,8.165020275819840911e-01,8.104017600442340319e-01,8.043014925064839726e-01,7.982012249687339134e-01,7.921009574309838541e-01,7.860006898932339059e-01,7.799004223554835136e-01,7.738001548177335653e-01,7.556098095897504363e-01,7.347327804306050814e-01,7.138557512714596154e-01,6.929787221123142604e-01,6.721016929531687945e-01,6.512246637940233285e-01,6.303476346348779735e-01,6.094706054757325075e-01,5.885935763165862644e-01,5.677165471574409095e-01,5.468395179982954435e-01,5.308460090188401592e-01,5.202011173790448417e-01,5.095562257392495242e-01,4.989113340994542622e-01,4.882664424596590003e-01,4.776215508198636828e-01,4.669766591800684208e-01,4.563317675402727147e-01,4.456868759004774527e-01,4.350419842606821352e-01,4.243970926208868732e-01,4.137776079046691646e-01,4.033190337044428864e-01,3.928604595042165526e-01,3.824018853039902188e-01,3.719433111037639406e-01,3.614847369035376068e-01,3.510261627033108844e-01,3.405675885030845507e-01,3.301090143028582724e-01,3.196504401026319386e-01,3.091918659024056604e-01,2.987332917021793266e-01,2.781710935209157909e-01,2.550108206016714063e-01,2.318505476824270495e-01,2.086902747631826927e-01,1.855300018439373921e-01,1.623697289246930353e-01,1.392094560054486785e-01,1.160491830862043217e-01,9.288891016695993708e-02,6.972863724771558025e-02,4.656836432847122342e-02,3.257534838345917116e-02,2.958304080752556520e-02,2.659073323159195576e-02,2.359842565565822836e-02,2.060611807972461892e-02,1.761381050379100949e-02,1.462150292785740005e-02,1.162919535192379061e-02,8.636887775990184646e-03,5.644580200056575209e-03,2.652272624122965772e-03,-2.671326453882260678e-03,-2.617899924804672346e-02,-4.968667204221024342e-02,-7.319434483637375644e-02,-9.670201763053727639e-02,-1.202096904247007825e-01,-1.437173632188643024e-01,-1.672250360130278224e-01,-1.907327088071913423e-01,-2.142403816013548623e-01,-2.377480543955183823e-01,-2.612557271896828182e-01,-2.902211379540441949e-01,-3.207917657684634660e-01,-3.513623935828827372e-01,-3.819330213973019528e-01,-4.125036492117212239e-01,-4.430742770261404395e-01,-4.736449048405597106e-01,-5.042155326549789818e-01,-5.347861604693981974e-01,-5.653567882838186343e-01,-5.959274160982379609e-01,-6.168690030442591787e-01,-6.251407993739689362e-01,-6.334125957036786936e-01,-6.416843920333884510e-01,-6.499561883630982084e-01,-6.582279846928079658e-01,-6.664997810225177233e-01,-6.747715773522274807e-01,-6.830433736819374602e-01,-6.913151700116472176e-01,-6.995869663413569750e-01,-7.072778481274102358e-01,-7.091595844769009727e-01,-7.110413208263919316e-01,-7.129230571758826684e-01,-7.148047935253734053e-01,-7.166865298748641422e-01,-7.185682662243548791e-01,-7.204500025738457269e-01,-7.223317389233364638e-01,-7.242134752728272007e-01,-7.260952116223179376e-01,-7.279769479718086744e-01,-7.378471050614596738e-01,-7.503800690644970572e-01,-7.629130330675344407e-01,-7.754459970705718241e-01,-7.879789610736092076e-01,-8.005119250766465910e-01,-8.130448890796839745e-01,-8.255778530827213579e-01,-8.381108170857587414e-01,-8.506437810887971240e-01,-8.631767450918345075e-01,-8.713478847642680547e-01,-8.732186115147196892e-01,-8.750893382651713237e-01,-8.769600650156229582e-01,-8.788307917660745927e-01,-8.807015185165262272e-01,-8.825722452669778617e-01,-8.844429720174294962e-01,-8.863136987678811307e-01,-8.881844255183327652e-01,-8.900551522687843997e-01,-8.920473515217056670e-01,-8.956996749750449904e-01,-8.993519984283842028e-01,-9.030043218817235262e-01,-9.066566453350627386e-01,-9.103089687884020620e-01,-9.139612922417412744e-01,-9.176136156950808198e-01,-9.212659391484201432e-01,-9.249182626017593556e-01,-9.285705860550985680e-01,-9.322229095084378914e-01,-9.370343238087572857e-01,-9.422803971766940956e-01,-9.475264705446309055e-01,-9.527725439125677154e-01,-9.580186172805046363e-01,-9.632646906484414462e-01,-9.685107640163782561e-01,-9.737568373843150660e-01,-9.790029107522518759e-01,-9.842489841201887968e-01,-9.894950574881256067e-01,-9.929624511759198580e-01,-9.936048830187820258e-01,-9.942473148616440826e-01,-9.948897467045061394e-01,-9.955321785473683072e-01,-9.961746103902303640e-01,-9.968170422330924207e-01,-9.974594740759544775e-01,-9.981019059188166453e-01,-9.987443377616787021e-01,-9.993867696045407589e-01,-1.000000000000000000e+00,-1.000000000000000000e+00,-1.000000000000000000e+00,-1.000000000000000000e+00,-1.000000000000000000e+00,-1.000000000000000000e+00,-1.000000000000000000e+00,-1.000000000000000000e+00,-1.000000000000000000e+00,-1.000000000000000000e+00,-1.000000000000000000e+00,-1.000000000000000000e+00,-1.000000000000000000e+00,-1.000000000000000000e+00,-1.000000000000000000e+00,-1.000000000000000000e+00,-1.000000000000000000e+00,-1.000000000000000000e+00,-1.000000000000000000e+00,-1.000000000000000000e+00,-1.000000000000000000e+00,-1.000000000000000000e+00,-1.000000000000000000e+00,-9.996756823282624271e-01,-9.987838087309842683e-01,-9.978919351337061094e-01,-9.970000615364280616e-01,-9.961081879391499028e-01,-9.952163143418717439e-01,-9.943244407445935851e-01,-9.934325671473154262e-01,-9.925406935500372674e-01,-9.916488199527589975e-01,-9.907569463554808387e-01,-9.898909654813848880e-01,-9.901383717041221111e-01,-9.903857779268592232e-01,-9.906331841495964463e-01,-9.908805903723335584e-01,-9.911279965950707815e-01,-9.913754028178078936e-01,-9.916228090405451168e-01,-9.918702152632823399e-01,-9.921176214860194520e-01,-9.923650277087566751e-01,-9.926124339314937872e-01,-9.758139172812428930e-01,-9.510606366235978548e-01,-9.263073559659529277e-01,-9.015540753083078895e-01,-8.768007946506628514e-01,-8.520475139930179242e-01,-8.272942333353709987e-01,-8.025409526777259606e-01,-7.777876720200809224e-01,-7.530343913624359953e-01,-7.282811107047910681e-01,-7.137243272455769949e-01,-7.188807717033255384e-01,-7.240372161610740820e-01,-7.291936606188226255e-01,-7.343501050765711691e-01,-7.395065495343197126e-01,-7.446629939920681451e-01,-7.498194384498166887e-01,-7.549758829075652322e-01,-7.601323273653137758e-01,-7.652887718230623193e-01,-7.704452162808108628e-01,1.400000000000000133e+00
-1.000000000000000000e+00,-9.977897350255769959e-01,-9.955794700511539919e-01,-9.933692050767309878e-01,-9.911589401023078727e-01,-9.889486751278848686e-01,-9.867384101534618646e-01,-9.845281451790388605e-01,-9.823178802046158564e-01,-9.801076152301928524e-01,-9.778973502557698483e-01,-9.743344273041921744e-01,-9.685922220560876372e-01,-9.628500168079831001e-01,-9.571078115598785629e-01,-9.513656063117740258e-01,-9.456234010636694887e-01,-9.398811958155649515e-01,-9.341389905674604144e-01,-9.283967853193558772e-01,-9.226545800712513401e-01,-9.169123748231468030e-01,-9.084950357546607291e-01,-8.992602946855025037e-01,-8.900255536163441672e-01,-8.807908125471859417e-01,-8.715560714780277163e-01,-8.623213304088694908e-01,-8.530865893397112654e-01,-8.438518482705530399e-01,-8.346171072013948145e-01,-8.253823661322365890e-01,-8.160729346715868138e-01,-8.063367009738424684e-01,-7.966004672760981231e-01,-7.868642335783537778e-01,-7.771279998806094325e-01,-7.673917661828650871e-01,-7.576555324851207418e-01,-7.479192987873763965e-01,-7.381830650896321622e-01,-7.284468313918877058e-01,-7.187105976941434715e-01,-7.073106152627015586e-01,-6.944465339456058484e-01,-6.815824526285102491e-01,-6.687183713114145389e-01,-6.558542899943189397e-01,-6.429902086772232295e-01,-6.301261273601276303e-01,-6.172620460430319200e-01,-6.043979647259363208e-01,-5.915338834088406106e-01,-5.786698020917450114e-01,-5.795849807179092039e-01,-5.817819509667022659e-01,-5.839789212154954390e-01,-5.861758914642885010e-01,-5.883728617130815630e-01,-5.905698319618747361e-01,-5.927668022106677981e-01,-5.949637724594608601e-01,-5.971607427082540331e-01,-5.993577129570470952e-01,-5.972391179850433662e-01,-5.849481192783041461e-01,-5.726571205715651480e-01,-5.603661218648259279e-01,-5.480751231580868188e-01,-5.357841244513475987e-01,-5.234931257446086006e-01,-5.112021270378693805e-01,-4.989111283311302714e-01,-4.866201296243911067e-01,-4.743291309176519976e-01,-4.662128518669746979e-01,-4.600534726550765119e-01,-4.538940934431782148e-01,-4.477347142312800288e-01,-4.415753350193817872e-01,-4.354159558074835457e-01,-4.292565765955853041e-01,-4.230971973836871181e-01,-4.169378181717888210e-01,-4.107784389598906349e-01,-4.044372134936329855e-01,-3.954289096301029094e-01,-3.864206057665728888e-01,-3.774123019030428683e-01,-3.684039980395129588e-01,-3.593956941759829382e-01,-3.503873903124529177e-01,-3.413790864489228416e-01,-3.323707825853929876e-01,-3.233624787218629670e-01,-3.143541748583328910e-01,-3.005738560417398619e-01,-2.808853282356402192e-01,-2.611968004295409651e-01,-2.415082726234413779e-01,-2.218197448173417352e-01,-2.021312170112421480e-01,-1.824426892051428661e-01,-1.627541613990432512e-01,-1.430656335929436362e-01,-1.233771057868440213e-01,-1.036885779807447672e-01,-9.249534275432791386e-02,-8.304473164682045494e-02,-7.359412053931299602e-02,-6.414350943180571751e-02,-5.469289832429827247e-02,-4.524228721679081355e-02,-3.579167610928335463e-02,-2.634106500177607613e-02,-1.689045389426863109e-02,-7.439842786761172166e-03,2.339596062374330737e-03,1.333569755553339412e-02,2.433179904869266566e-02,3.532790054185193374e-02,4.632400203501120528e-02,5.732010352817026866e-02,6.831620502132954020e-02,7.931230651448881175e-02,9.030840800764808329e-02,1.013045095008071467e-01,1.123006109939664182e-01,1.306813375629141960e-01,1.540730597190043405e-01,1.774647818750944572e-01,2.008565040311841576e-01,2.242482261872743021e-01,2.476399483433644189e-01,2.710316704994545356e-01,2.944233926555442360e-01,3.178151148116343805e-01,3.412068369677245250e-01,3.645985591238146695e-01,3.770584687893845932e-01,3.892807303573348476e-01,4.015029919252851021e-01,4.137252534932353565e-01,4.259475150611853334e-01,4.381697766291355878e-01,4.503920381970858422e-01,4.626142997650360966e-01,4.748365613329860735e-01,4.870588229009363279e-01,4.963748901466590313e-01,5.005623791766860009e-01,5.047498682067129705e-01,5.089373572367399401e-01,5.131248462667669097e-01,5.173123352967938793e-01,5.214998243268207379e-01,5.256873133568477074e-01,5.298748023868746770e-01,5.340622914169016466e-01,5.382497804469286162e-01,5.491585830071457064e-01,5.623718359205711614e-01,5.755850888339965055e-01,5.887983417474218495e-01,6.020115946608470825e-01,6.152248475742724265e-01,6.284381004876977705e-01,6.416513534011232256e-01,6.548646063145483476e-01,6.680778592279736916e-01,6.818219288699145508e-01,6.991932461567135215e-01,7.165645634435124922e-01,7.339358807303114629e-01,7.513071980171104336e-01,7.686785153039095153e-01,7.860498325907084860e-01,8.034211498775074567e-01,8.207924671643057613e-01,8.381637844511047319e-01,8.555351017379038137e-01,8.664823906717823432e-01,8.712733191007784317e-01,8.760642475297745202e-01,8.808551759587706087e-01,8.856461043877668082e-01,8.904370328167626747e-01,8.952279612457588742e-01,9.000188896747549627e-01,9.048098181037510512e-01,9.096007465327472508e-01,9.143916749617433393e-01,9.211286310701001234e-01,9.280972571402854587e-01,9.350658832104707940e-01,9.420345092806559073e-01,9.490031353508413536e-01,9.559717614210266889e-01,9.629403874912120243e-01,9.699090135613974706e-01,9.768776396315828059e-01,9.838462657017681412e-01,9.891605775263673239e-01,9.901482213240490049e-01,9.911358651217305749e-01,9.921235089194122558e-01,9.931111527170938258e-01,9.940987965147755068e-01,9.950864403124570767e-01,9.960740841101387577e-01,9.970617279078203277e-01,9.980493717055020086e-01,9.990370155031835786e-01,9.994121719935644688e-01,9.994712060027577394e-01,9.995302400119510100e-01,9.995892740211443916e-01,9.996483080303376623e-01,9.997073420395310439e-01,9.997663760487243145e-01,9.998254100579175851e-01,9.998844440671109668e-01,9.999434780763042374e-01,1.000000000000000000e+00,1.000000000000000000e+00,1.000000000000000000e+00,1.000000000000000000e+00,1.000000000000000000e+00,1.000000000000000000e+00,1.000000000000000000e+00,1.000000000000000000e+00,1.000000000000000000e+00,1.000000000000000000e+00,1.000000000000000000e+00,9.971020350326218473e-01,9.902918173592831774e-01,9.834815996859447296e-01,9.766713820126060597e-01,9.698611643392673898e-01,9.630509466659287199e-01,9.562407289925900500e-01,9.494305113192513801e-01,9.426202936459127102e-01,9.358100759725740403e-01,9.289998582992355924e-01,9.234807524023955771e-01,9.182674361368317051e-01,9.130541198712677220e-01,9.078408036057038499e-01,9.026274873401399779e-01,8.974141710745759948e-01,8.922008548090121227e-01,8.869875385434483617e-01,8.817742222778844896e-01,8.765609060123206175e-01,8.707950944889281120e-01,8.626965252102591908e-01,8.545979559315902696e-01,8.464993866529214595e-01,8.384008173742525383e-01,8.303022480955836171e-01,8.222036788169150290e-01,8.141051095382461078e-01,8.060065402595772976e-01,7.979079709809083765e-01,7.898094017022394553e-01,7.844995567741375186e-01,7.812554335871964017e-01,7.780113104002551738e-01,7.747671872133141679e-01,7.715230640263730510e-01,7.682789408394318231e-01,7.650348176524907062e-01,7.617906944655494783e-01,7.585465712786083614e-01,7.553024480916671335e-01,7.520583249047260166e-01,7.478459142186777431e-01,7.435904685326689689e-01,7.393350228466601948e-01,7.350795771606514206e-01,7.308241314746426465e-01,7.265686857886338723e-01,7.223132401026252092e-01,7.180577944166164350e-01,7.138023487306077719e-01,7.095469030445989977e-01,6.996450468135232414e-01,6.788032701513790901e-01,6.579614934892348277e-01,6.371197168270905653e-01,6.162779401649464139e-01,5.954361635028022626e-01,5.745943868406580002e-01,5.537526101785146260e-01,5.329108335163703636e-01,5.120690568542262122e-01,4.912272801920819498e-01,4.827828278962723596e-01,4.790785290346497582e-01,4.753742301730271014e-01,4.716699313114045000e-01,4.679656324497820097e-01,4.642613335881593528e-01,4.605570347265367515e-01,4.568527358649140946e-01,4.531484370032914932e-01,4.494441381416688364e-01,4.431247251307260382e-01,4.148383532654937866e-01,3.865519814002625898e-01,3.582656095350302827e-01,3.299792376697980312e-01,3.016928658045657796e-01,2.734064939393334726e-01,2.451201220741012210e-01,2.168337502088689417e-01,1.885473783436366624e-01,1.602610064784054655e-01,1.390958821791013766e-01,1.253616249051144327e-01,1.116273676311275165e-01,9.789311035714057252e-02,8.415885308315365632e-02,7.042459580916672623e-02,5.669033853517979615e-02,4.295608126119286607e-02,2.922182398720644947e-02,1.548756671321951939e-02,1.753309439232603184e-03,0.000000000000000000e+00,0.000000000000000000e+00,0.000000000000000000e+00,0.000000000000000000e+00,0.000000000000000000e+00,0.000000000000000000e+00,0.000000000000000000e+00,0.000000000000000000e+00,0.000000000000000000e+00,0.000000000000000000e+00,-7.894307297655240446e-03,-3.881367754681017829e-02,-6.973304779596511960e-02,-1.006524180451200678e-01,-1.315717882942750161e-01,-1.624911585434299366e-01,-1.934105287925848848e-01,-2.243298990417398331e-01,-2.552492692908947536e-01,-2.861686395400497296e-01,-3.170880097892046501e-01,-3.395810764428616735e-01,-3.572992377257366847e-01,-3.750173990086117515e-01,-3.927355602914867072e-01,-4.104537215743617740e-01,-4.281718828572353974e-01,-4.458900441401104642e-01,-4.636082054229854199e-01,-4.813263667058604867e-01,-4.990445279887354424e-01,-5.164914278254284508e-01,-5.214603011377332287e-01,-5.264291744500378956e-01,-5.313980477623426735e-01,-5.363669210746474514e-01,-5.413357943869521183e-01,-5.463046676992568962e-01,-5.512735410115616741e-01,-5.562424143238664520e-01,-5.612112876361711189e-01,-5.661801609484758968e-01,-5.703210837496914820e-01,-5.732418689556185720e-01,-5.761626541615455510e-01,-5.790834393674726410e-01,-5.820042245733996200e-01,-5.849250097793267100e-01,-5.878457949852536890e-01,-5.907665801911807790e-01,-5.936873653971078690e-01,-5.966081506030348480e-01,-5.995289358089619380e-01,-6.035019766217839532e-01,-6.077594108418749030e-01,-6.120168450619658529e-01,-6.162742792820569138e-01,-6.205317135021478636e-01,-6.247891477222388135e-01,-6.290465819423295413e-01,-6.333040161624204911e-01,-6.375614503825114410e-01,-6.418188846026023908e-01,-6.469359169937761722e-01,-6.562434904689795623e-01,-6.655510639441828413e-01,-6.748586374193861204e-01,-6.841662108945895104e-01,-6.934737843697927895e-01,-7.027813578449960685e-01,-7.120889313201993476e-01,-7.213965047954027376e-01,-7.307040782706060167e-01,-7.400116517458092957e-01,-7.520139046028742058e-01,-7.661926292683646222e-01,-7.803713539338560379e-01,-7.945500785993474535e-01,-8.087288032648388691e-01,-8.229075279303303958e-01,-8.370862525958218114e-01,-8.512649772613132271e-01,-8.654437019268046427e-01,-8.796224265922960583e-01,-8.938011512577874740e-01,-8.982949661413457410e-01,-9.021284462670446924e-01,-9.059619263927437549e-01,-9.097954065184427064e-01,-9.136288866441417689e-01,-9.174623667698407203e-01,-9.212958468955397828e-01,-9.251293270212385123e-01,-9.289628071469375747e-01,-9.327962872726365262e-01,-9.360398995640524245e-01,-9.380251271423306614e-01,-9.400103547206088983e-01,-9.419955822988871352e-01,-9.439808098771653722e-01,-9.459660374554437201e-01,-9.479512650337219570e-01,-9.499364926120001940e-01,-9.519217201902784309e-01,-9.539069477685566678e-01,-9.558921753468349047e-01,-9.586024868222094986e-01,-9.616204096478672136e-01,-9.646383324735247067e-01,-9.676562552991825328e-01,-9.706741781248402479e-01,-9.736921009504980740e-01,-9.767100237761557890e-01,-9.797279466018135041e-01,-9.827458694274713302e-01,-9.857637922531290453e-01,-9.886039594296137656e-01,-9.895332533774875428e-01,-9.904625473253614309e-01,-9.913918412732352081e-01,-9.923211352211089853e-01,-9.932504291689828735e-01,-9.941797231168566507e-01,-9.951090170647304278e-01,-9.960383110126043160e-01,-9.969676049604779822e-01,-9.978968989083518704e-01,-9.984621330727300181e-01,-9.986136629376810570e-01,-9.987651928026322068e-01,-9.989167226675833566e-01,-9.990682525325345065e-01,-9.992197823974856563e-01,-9.993713122624368062e-01,-9.995228421273879560e-01,-9.996743719923389948e-01,-9.998259018572901446e-01,-9.999774317222412945e-01,-1.000000000000000000e+00,-1.000000000000000000e+00,-1.000000000000000000e+00,-1.000000000000000000e+00,-1.000000000000000000e+00,-1.000000000000000000e+00,-1.000000000000000000e+00,-1.000000000000000000e+00,-1.000000000000000000e+00,-1.000000000000000000e+00,-1.000000000000000000e+00,-1.000000000000000000e+00,-1.000000000000000000e+00,-1.000000000000000000e+00,-1.000000000000000000e+00,-1.000000000000000000e+00,-1.000000000000000000e+00,-1.000000000000000000e+00,-1.000000000000000000e+00,-1.000000000000000000e+00,-1.000000000000000000e+00,-9.995095862714313828e-01,-9.987147778147854593e-01,-9.979199693581396469e-01,-9.971251609014938344e-01,-9.963303524448480220e-01,-9.955355439882022095e-01,-9.947407355315563970e-01,-9.939459270749104736e-01,-9.931511186182646611e-01,-9.923563101616188487e-01,-9.915615017049730362e-01,1.200000000000000178e+00
-1.000000000000000000e+00,-9.888202593370367666e-01,-9.776405186740735331e-01,-9.664607780111102997e-01,-9.552810373481470663e-01,-9.441012966851839439e-01,-9.329215560222207104e-01,-9.217418153592574770e-01,-9.105620746962942436e-01,-8.993823340333310101e-01,-8.899427355835092257e-01,-8.817380767688201004e-01,-8.735334179541308641e-01,-8.653287591394417388e-01,-8.571241003247525025e-01,-8.489194415100633773e-01,-8.407147826953742520e-01,-8.325101238806850157e-01,-8.243054650659958904e-01,-8.161964206643859132e-01,-8.085548245044962279e-01,-8.009132283446066536e-01,-7.932716321847170793e-01,-7.856300360248275050e-01,-7.779884398649379307e-01,-7.703468437050483564e-01,-7.627052475451587821e-01,-7.550636513852692078e-01,-7.474220552253796335e-01,-7.371017453953357945e-01,-7.259108536224918584e-01,-7.147199618496479223e-01,-7.035290700768039862e-01,-6.923381783039600501e-01,-6.811472865311161140e-01,-6.699563947582721779e-01,-6.587655029854282418e-01,-6.475746112125843057e-01,-6.390682880656285425e-01,-6.357819594690107268e-01,-6.324956308723930221e-01,-6.292093022757752063e-01,-6.259229736791575016e-01,-6.226366450825397969e-01,-6.193503164859219812e-01,-6.160639878893042765e-01,-6.127776592926865717e-01,-6.094913306960687560e-01,-6.122952839935319469e-01,-6.155964031598997188e-01,-6.188975223262674907e-01,-6.221986414926352627e-01,-6.254997606590030346e-01,-6.288008798253708065e-01,-6.321019989917385784e-01,-6.354031181581063503e-01,-6.387042373244741222e-01,-6.379085846599460430e-01,-6.331678924545551812e-01,-6.284272002491643194e-01,-6.236865080437734576e-01,-6.189458158383825959e-01,-6.142051236329918451e-01,-6.094644314276009833e-01,-6.047237392222101215e-01,-5.999830470168192598e-01,-5.952878974701014680e-01,-5.910299574466452155e-01,-5.867720174231888519e-01,-5.825140773997325994e-01,-5.782561373762762358e-01,-5.739981973528198722e-01,-5.697402573293636197e-01,-5.654823173059072561e-01,-5.612243772824510035e-01,-5.569664372589946399e-01,-5.527024491404017859e-01,-5.484356049768831509e-01,-5.441687608133645160e-01,-5.399019166498458810e-01,-5.356350724863273571e-01,-5.313682283228087222e-01,-5.271013841592900873e-01,-5.228345399957715633e-01,-5.185676958322529284e-01,-5.118424196189624853e-01,-4.982686541241643785e-01,-4.846948886293662162e-01,-4.711211231345680539e-01,-4.575473576397698916e-01,-4.439735921449717848e-01,-4.303998266501736225e-01,-4.168260611553756823e-01,-4.032522956605775200e-01,-3.896785301657793577e-01,-3.688003468408495023e-01,-3.466236003461183879e-01,-3.244468538513872735e-01,-3.022701073566561036e-01,-2.800933608619249893e-01,-2.579166143671938194e-01,-2.357398678724630936e-01,-2.135631213777319515e-01,-1.913863748830008371e-01,-1.750931475685296168e-01,-1.664740757065715504e-01,-1.578550038446134840e-01,-1.492359319826553898e-01,-1.406168601206974622e-01,-1.319977882587393958e-01,-1.233787163967813294e-01,-1.147596445348232491e-01,-1.061405726728651688e-01,-9.748836503914762308e-02,-8.711309727393710955e-02,-7.673782950872660991e-02,-6.636256174351609638e-02,-5.598729397830576326e-02,-4.561202621309525668e-02,-3.523675844788475009e-02,-2.486149068267423656e-02,-1.448622291746373691e-02,-4.110955152253223388e-03,0.000000000000000000e+00,0.000000000000000000e+00,0.000000000000000000e+00,0.000000000000000000e+00,0.000000000000000000e+00,0.000000000000000000e+00,0.000000000000000000e+00,0.000000000000000000e+00,0.000000000000000000e+00,4.079936803091844047e-03,2.570360185947804035e-02,4.732726691586459922e-02,6.895093197225116155e-02,9.057459702863771001e-02,1.121982620850242723e-01,1.338219271414108347e-01,1.554455921977973831e-01,1.770692572541835985e-01,1.986929223105701470e-01,2.507071340819856942e-01,3.116161400138982018e-01,3.725251459458106540e-01,4.334341518777231617e-01,4.943431578096356693e-01,5.552521637415481770e-01,6.161611696734606847e-01,6.770701756053720821e-01,7.379791815372845898e-01,7.815411139333955370e-01,7.940609147391232137e-01,8.065807155448512233e-01,8.191005163505789000e-01,8.316203171563070207e-01,8.441401179620346973e-01,8.566599187677628180e-01,8.691797195734904946e-01,8.816995203792186153e-01,8.942193211849462919e-01,8.953508457747468841e-01,8.957990737915919599e-01,8.962473018084369247e-01,8.966955298252818896e-01,8.971437578421268544e-01,8.975919858589718192e-01,8.980402138758167840e-01,8.984884418926617489e-01,8.989366699095067137e-01,9.022557773704550366e-01,9.081381700493530440e-01,9.140205627282508294e-01,9.199029554071488368e-01,9.257853480860467332e-01,9.316677407649447407e-01,9.375501334438425260e-01,9.434325261227403114e-01,9.493149188016384299e-01,9.547218402681589833e-01,9.564042372377244972e-01,9.580866342072900110e-01,9.597690311768554139e-01,9.614514281464209278e-01,9.631338251159863306e-01,9.648162220855518445e-01,9.664986190551172474e-01,9.681810160246827612e-01,9.698634129942481641e-01,9.721936461364546478e-01,9.748040246506137763e-01,9.774144031647730158e-01,9.800247816789322552e-01,9.826351601930914947e-01,9.852455387072507342e-01,9.878559172214098627e-01,9.904662957355692132e-01,9.930766742497283417e-01,9.951001221116364537e-01,9.956366789878415835e-01,9.961732358640467133e-01,9.967097927402517321e-01,9.972463496164568619e-01,9.977829064926619917e-01,9.983194633688670105e-01,9.988560202450721404e-01,9.993925771212772702e-01,9.999291339974824000e-01,1.000000000000000000e+00,1.000000000000000000e+00,1.000000000000000000e+00,1.000000000000000000e+00,1.000000000000000000e+00,1.000000000000000000e+00,1.000000000000000000e+00,1.000000000000000000e+00,1.000000000000000000e+00,9.966814068842878571e-01,9.893528470870902591e-01,9.820242872898924391e-01,9.746957274926947301e-01,9.673671676954969101e-01,9.600386078982993121e-01,9.527100481011014921e-01,9.453814883039037831e-01,9.380529285067061851e-01,9.306349381639184015e-01,9.209364689085858258e-01,9.112379996532530280e-01,9.015395303979205632e-01,8.918410611425877654e-01,8.821425918872551897e-01,8.724441226319223919e-01,8.627456533765899271e-01,8.530471841212574624e-01,8.433487148659246646e-01,8.363001099747092715e-01,8.308574834859889791e-01,8.254148569972689087e-01,8.199722305085487273e-01,8.145296040198286569e-01,8.090869775311085865e-01,8.036443510423884051e-01,7.982017245536683347e-01,7.927590980649480423e-01,7.878311019350130451e-01,7.848680580840752263e-01,7.819050142331375186e-01,7.789419703821998109e-01,7.759789265312619921e-01,7.730158826803243954e-01,7.700528388293865767e-01,7.670897949784488690e-01,7.641267511275110502e-01,7.611637072765733425e-01,7.593060933719200101e-01,7.577379968341508842e-01,7.561699002963816474e-01,7.546018037586124105e-01,7.530337072208431737e-01,7.514656106830739368e-01,7.498975141453047000e-01,7.483294176075354631e-01,7.467613210697662263e-01,7.423718502896805571e-01,7.333271120097730744e-01,7.242823737298655917e-01,7.152376354499577760e-01,7.061928971700501823e-01,6.971481588901423665e-01,6.881034206102348838e-01,6.790586823303270680e-01,6.700139440504194743e-01,6.609692057705119916e-01,6.632667629386461705e-01,6.660091160067037608e-01,6.687514690747614621e-01,6.714938221428190523e-01,6.742361752108766426e-01,6.769785282789342329e-01,6.797208813469918232e-01,6.824632344150495245e-01,6.852055874831071147e-01,6.794577701728545804e-01,6.666836049633105832e-01,6.539094397537662529e-01,6.411352745442222556e-01,6.283611093346779253e-01,6.155869441251340390e-01,6.028127789155900418e-01,5.900386137060457115e-01,5.772644484965018252e-01,5.652760881699718798e-01,5.584515885032518279e-01,5.516270888365314429e-01,5.448025891698113909e-01,5.379780895030910060e-01,5.311535898363709540e-01,5.243290901696509021e-01,5.175045905029305171e-01,5.106800908362104652e-01,5.038555911694901912e-01,4.894167787300515160e-01,4.719723165119074637e-01,4.545278542937646327e-01,4.370833920756205804e-01,4.196389298574765836e-01,4.021944676393325313e-01,3.847500054211897003e-01,3.673055432030456480e-01,3.498610809849016512e-01,3.362999604471124671e-01,3.317190675451438531e-01,3.271381746431749060e-01,3.225572817412059590e-01,3.179763888392372895e-01,3.133954959372683424e-01,3.088146030352993954e-01,3.042337101333304483e-01,2.996528172313618343e-01,2.950719243293928873e-01,2.922468569848317710e-01,2.896459375837697747e-01,2.870450181827075564e-01,2.844440987816453936e-01,2.818431793805831753e-01,2.792422599795211791e-01,2.766413405784589608e-01,2.740404211773967980e-01,2.714395017763348017e-01,2.565350989274474691e-01,2.278507946169940346e-01,1.991664903065406000e-01,1.704821859960891084e-01,1.417978816856356461e-01,1.131135773751822116e-01,8.442927306472877702e-02,5.574496875427725762e-02,2.706066444382382308e-02,0.000000000000000000e+00,0.000000000000000000e+00,0.000000000000000000e+00,0.000000000000000000e+00,0.000000000000000000e+00,0.000000000000000000e+00,0.000000000000000000e+00,0.000000000000000000e+00,0.000000000000000000e+00,0.000000000000000000e+00,0.000000000000000000e+00,0.000000000000000000e+00,0.000000000000000000e+00,0.000000000000000000e+00,0.000000000000000000e+00,0.000000000000000000e+00,0.000000000000000000e+00,0.000000000000000000e+00,0.000000000000000000e+00,-3.773990748893950396e-03,-2.044244988984529957e-02,-3.711090903079664743e-02,-5.377936817174688161e-02,-7.044782731269823295e-02,-8.711628645364957735e-02,-1.037847455946009217e-01,-1.204532047355511559e-01,-1.371216638765025142e-01,-1.537901230174538447e-01,-1.795804592799983002e-01,-2.074921623150085548e-01,-2.354038653500188372e-01,-2.633155683850290640e-01,-2.912272714200374590e-01,-3.191389744550476859e-01,-3.470506774900579683e-01,-3.749623805250682507e-01,-4.028740835600765902e-01,-4.229500265243714696e-01,-4.310857636666226012e-01,-4.392215008088732331e-01,-4.473572379511243646e-01,-4.554929750933755517e-01,-4.636287122356266832e-01,-4.717644493778773152e-01,-4.799001865201284467e-01,-4.880359236623796337e-01,-4.961716608046302657e-01,-5.122660656355316755e-01,-5.285135217681382613e-01,-5.447609779007448472e-01,-5.610084340333504338e-01,-5.772558901659570196e-01,-5.935033462985636055e-01,-6.097508024311691921e-01,-6.259982585637757779e-01,-6.422457146963823638e-01,-6.562690228627382494e-01,-6.685871509216342323e-01,-6.809052789805311034e-01,-6.932234070394280856e-01,-7.055415350983249567e-01,-7.178596631572209397e-01,-7.301777912161178108e-01,-7.424959192750147929e-01,-7.548140473339107759e-01,-7.673434462213352125e-01,-7.810612435192270109e-01,-7.947790408171188092e-01,-8.084968381150097194e-01,-8.222146354129015178e-01,-8.359324327107933161e-01,-8.496502300086843373e-01,-8.633680273065761357e-01,-8.770858246044679341e-01,-8.908036219023597324e-01,-9.015466447468584166e-01,-9.112217998388579820e-01,-9.208969549308574365e-01,-9.305721100228563358e-01,-9.402472651148559013e-01,-9.499224202068554668e-01,-9.595975752988550322e-01,-9.692727303908539316e-01,-9.789478854828533860e-01,-9.857459835858033426e-01,-9.864514904178243171e-01,-9.871569972498454026e-01,-9.878625040818664882e-01,-9.885680109138875737e-01,-9.892735177459086593e-01,-9.899790245779297448e-01,-9.906845314099508304e-01,-9.913900382419719159e-01,-9.920955450739930015e-01,-9.927147625284189481e-01,-9.933249915060121671e-01,-9.939352204836052751e-01,-9.945454494611983831e-01,-9.951556784387916021e-01,-9.957659074163847102e-01,-9.963761363939779292e-01,-9.969863653715710372e-01,-9.975965943491642562e-01,-9.980164955576072972e-01,-9.982387486980868196e-01,-9.984610018385663421e-01,-9.986832549790458646e-01,-9.989055081195253871e-01,-9.991277612600049096e-01,-9.993500144004844321e-01,-9.995722675409639546e-01,-9.997945206814434771e-01,-1.000000000000000000e+00,-1.000000000000000000e+00,-1.000000000000000000e+00,-1.000000000000000000e+00,-1.000000000000000000e+00,-1.000000000000000000e+00,-1.000000000000000000e+00,-1.000000000000000000e+00,-1.000000000000000000e+00,-1.000000000000000000e+00,-9.976698586473168318e-01,-9.941413588846822469e-01,-9.906128591220475510e-01,-9.870843593594131882e-01,-9.835558595967784923e-01,-9.800273598341439074e-01,-9.764988600715094336e-01,-9.729703603088748487e-01,-9.694418605462401528e-01,-9.636367358099419134e-01,-9.508266111546794797e-01,-9.380164864994162688e-01,-9.252063618441530579e-01,-9.123962371888907352e-01,-8.995861125336275244e-01,-8.867759878783643135e-01,-8.739658632231011026e-01,-8.611557385678386689e-01,-8.483456139125754580e-01,-8.339350758162120680e-01,-8.191971804250790523e-01,-8.044592850339451484e-01,-7.897213896428112445e-01,-7.749834942516772296e-01,-7.602455988605443249e-01,-7.455077034694104210e-01,-7.307698080782764061e-01,-7.160319126871435014e-01,-7.130532343939037787e-01,-7.266443620113361979e-01,-7.402354896287686170e-01,-7.538266172462001480e-01,-7.674177448636325671e-01,-7.810088724810649863e-01,-7.946000000984965173e-01,-8.081911277159289364e-01,-8.217822553333613556e-01,-8.353733829507937747e-01,1.200000000000000178e+00
-1.000000000000000000e+00,-9.957602168962954581e-01,-9.915204337925909162e-01,-9.872806506888863742e-01,-9.830408675851818323e-01,-9.788010844814771794e-01,-9.745613013777726374e-01,-9.703215182740680955e-01,-9.660817351703635536e-01,-9.618419520666590117e-01,-9.541566087048894973e-01,-9.440260290309449021e-01,-9.338954493570003068e-01,-9.237648696830557116e-01,-9.136342900091111163e-01,-9.035037103351664101e-01,-8.933731306612218148e-01,-8.832425509872772196e-01,-8.731119713133326243e-01,-8.634527581407729357e-01,-8.560980034194287658e-01,-8.487432486980844848e-01,-8.413884939767403148e-01,-8.340337392553961449e-01,-8.266789845340519749e-01,-8.193242298127076939e-01,-8.119694750913635239e-01,-8.046147203700193540e-01,-7.972599656486750730e-01,-7.883982161189603266e-01,-7.790466932765252039e-01,-7.696951704340899703e-01,-7.603436475916548476e-01,-7.509921247492196139e-01,-7.416406019067844912e-01,-7.322890790643492576e-01,-7.229375562219140239e-01,-7.135860333794789012e-01,-7.081011009193231009e-01,-7.101345386469329890e-01,-7.121679763745427660e-01,-7.142014141021526541e-01,-7.162348518297625422e-01,-7.182682895573723192e-01,-7.203017272849822072e-01,-7.223351650125919843e-01,-7.243686027402018723e-01,-7.264020404678116494e-01,-7.246937481977617779e-01,-7.226800085809640395e-01,-7.206662689641664121e-01,-7.186525293473686737e-01,-7.166387897305710464e-01,-7.146250501137733080e-01,-7.126113104969756806e-01,-7.105975708801779422e-01,-7.085838312633803149e-01,-7.046559872033099081e-01,-6.988849314571252691e-01,-6.931138757109406301e-01,-6.873428199647558801e-01,-6.815717642185712410e-01,-6.758007084723866020e-01,-6.700296527262018520e-01,-6.642585969800172130e-01,-6.584875412338324630e-01,-6.518185158246657673e-01,-6.365289816508713505e-01,-6.212394474770768227e-01,-6.059499133032821838e-01,-5.906603791294877670e-01,-5.753708449556932392e-01,-5.600813107818987113e-01,-5.447917766081041835e-01,-5.295022424343095446e-01,-5.142127082605151278e-01,-4.881904162811382397e-01,-4.570998775602358455e-01,-4.260093388393334513e-01,-3.949188001184310015e-01,-3.638282613975286073e-01,-3.327377226766261575e-01,-3.016471839557237633e-01,-2.705566452348213691e-01,-2.394661065139189748e-01,-2.169538723386396917e-01,-2.183383436833097602e-01,-2.197228150279798287e-01,-2.211072863726499249e-01,-2.224917577173199934e-01,-2.238762290619900619e-01,-2.252607004066601581e-01,-2.266451717513301989e-01,-2.280296430960002951e-01,-2.294141144406703636e-01,-2.201453216241438804e-01,-2.089826151789600794e-01,-1.978199087337762785e-01,-1.866572022885925053e-01,-1.754944958434087043e-01,-1.643317893982249034e-01,-1.531690829530412967e-01,-1.420063765078575235e-01,-1.308436700626737226e-01,-1.219576300999279939e-01,-1.160411551142754849e-01,-1.101246801286229898e-01,-1.042082051429704947e-01,-9.829173015731808294e-02,-9.237525517166558786e-02,-8.645878018601307891e-02,-8.054230520036056995e-02,-7.462583021470806099e-02,-6.868306902327477037e-02,-6.137342513123948684e-02,-5.406378123920420331e-02,-4.675413734716892672e-02,-3.944449345513377503e-02,-3.213484956309849150e-02,-2.482520567106321491e-02,-1.751556177902793832e-02,-1.020591788699265479e-02,-2.896273994957385134e-03,5.325561834307978963e-03,1.414602362238043080e-02,2.296648541045302749e-02,3.178694719852562939e-02,4.060740898659822434e-02,4.942787077467082624e-02,5.824833256274342119e-02,6.706879435081603003e-02,7.588925613888862498e-02,8.867537089213851920e-02,1.185137933956500605e-01,1.483522158991620876e-01,1.781906384026741286e-01,2.080290609061861695e-01,2.378674834096982105e-01,2.677059059132102514e-01,2.975443284167222924e-01,3.273827509202338337e-01,3.572211734237458747e-01,3.707866838870954584e-01,3.795893908264946770e-01,3.883920977658939511e-01,3.971948047052931696e-01,4.059975116446924437e-01,4.148002185840916622e-01,4.236029255234909363e-01,4.324056324628900438e-01,4.412083394022892624e-01,4.512229533449810814e-01,4.634062429777753289e-01,4.755895326105699650e-01,4.877728222433641569e-01,4.999561118761587930e-01,5.121394015089529850e-01,5.243226911417476765e-01,5.365059807745419240e-01,5.486892704073365046e-01,5.608725600401307521e-01,5.672133075404584002e-01,5.732035025128382477e-01,5.791936974852177622e-01,5.851838924575976097e-01,5.911740874299772353e-01,5.971642824023570828e-01,6.031544773747367083e-01,6.091446723471164448e-01,6.151348673194960703e-01,6.303599584171519776e-01,6.538304924838058696e-01,6.773010265504588734e-01,7.007715606171127654e-01,7.242420946837658802e-01,7.477126287504196611e-01,7.711831628170727759e-01,7.946536968837257797e-01,8.181242309503796717e-01,8.399724301281999983e-01,8.491123393434953925e-01,8.582522485587905647e-01,8.673921577740860700e-01,8.765320669893811312e-01,8.856719762046763034e-01,8.948118854199716976e-01,9.039517946352668698e-01,9.130917038505623751e-01,9.222316130658574362e-01,9.227245891027673341e-01,9.194783507922670296e-01,9.162321124817667251e-01,9.129858741712665315e-01,9.097396358607663380e-01,9.064933975502659225e-01,9.032471592397657290e-01,9.000009209292654244e-01,8.967546826187651199e-01,8.967109500257209875e-01,9.047802319168990470e-01,9.128495138080773286e-01,9.209187956992552770e-01,9.289880775904333365e-01,9.370573594816115071e-01,9.451266413727895666e-01,9.531959232639678481e-01,9.612652051551457966e-01,9.693344870463240781e-01,9.726845698603237000e-01,9.753165136843178207e-01,9.779484575083120523e-01,9.805804013323062840e-01,9.832123451563005156e-01,9.858442889802947473e-01,9.884762328042889790e-01,9.911081766282832106e-01,9.937401204522773313e-01,9.954120527304269883e-01,9.959239710573477566e-01,9.964358893842686360e-01,9.969478077111894043e-01,9.974597260381101727e-01,9.979716443650309410e-01,9.984835626919517093e-01,9.989954810188724776e-01,9.995073993457932460e-01,1.000000000000000000e+00,1.000000000000000000e+00,1.000000000000000000e+00,1.000000000000000000e+00,1.000000000000000000e+00,1.000000000000000000e+00,1.000000000000000000e+00,1.000000000000000000e+00,1.000000000000000000e+00,1.000000000000000000e+00,9.964913687651352214e-01,9.908562943576247894e-01,9.852212199501145795e-01,9.795861455426042586e-01,9.739510711350940486e-01,9.683159967275838387e-01,9.626809223200734067e-01,9.570458479125631968e-01,9.514107735050527648e-01,9.440714047860967462e-01,9.302247305143465095e-01,9.163780562425967169e-01,9.025313819708469243e-01,8.886847076990965766e-01,8.748380334273467840e-01,8.609913591555965473e-01,8.471446848838466437e-01,8.332980106120964070e-01,8.194513363403466144e-01,8.142073825777574880e-01,8.112165222818537025e-01,8.082256619859499169e-01,8.052348016900460204e-01,8.022439413941422348e-01,7.992530810982383382e-01,7.962622208023346637e-01,7.932713605064307671e-01,7.902805002105269816e-01,7.881747099372193865e-01,7.875292852011958056e-01,7.868838604651721136e-01,7.862384357291485326e-01,7.855930109931249516e-01,7.849475862571012597e-01,7.843021615210776787e-01,7.836567367850539867e-01,7.830113120490304057e-01,7.823658873130068248e-01,7.829563130966432638e-01,7.835952036065410020e-01,7.842340941164386292e-01,7.848729846263363674e-01,7.855118751362341056e-01,7.861507656461317328e-01,7.867896561560294710e-01,7.874285466659270982e-01,7.880674371758248364e-01,7.869141925253531067e-01,7.842778015352653842e-01,7.816414105451774397e-01,7.790050195550897172e-01,7.763686285650018837e-01,7.737322375749140502e-01,7.710958465848263277e-01,7.684594555947383832e-01,7.658230646046506607e-01,7.627692907226683028e-01,7.569727149796645627e-01,7.511761392366607115e-01,7.453795634936569714e-01,7.395829877506531203e-01,7.337864120076493801e-01,7.279898362646457510e-01,7.221932605216417889e-01,7.163966847786381598e-01,7.106001090356341976e-01,6.982697348886028887e-01,6.833602297926126834e-01,6.684507246966234773e-01,6.535412196006331609e-01,6.386317145046429555e-01,6.237222094086527502e-01,6.088127043126635440e-01,5.939031992166733387e-01,5.789936941206830223e-01,5.637521079356371256e-01,5.477425842321511640e-01,5.317330605286639811e-01,5.157235368251769092e-01,4.997140131216908920e-01,4.837044894182037647e-01,4.676949657147166928e-01,4.516854420112295654e-01,4.356759183077435482e-01,4.196663946042564208e-01,4.140247201851946501e-01,4.097066009939323572e-01,4.053884818026697867e-01,4.010703626114071607e-01,3.967522434201445347e-01,3.924341242288822418e-01,3.881160050376196713e-01,3.837978858463570453e-01,3.794797666550947524e-01,3.703830674953634272e-01,3.559343587709463685e-01,3.414856500465293099e-01,3.270369413221131949e-01,3.125882325976961362e-01,2.981395238732790776e-01,2.836908151488620189e-01,2.692421064244459594e-01,2.547933977000289008e-01,2.407583847857507064e-01,2.336183020404533073e-01,2.264782192951554085e-01,2.193381365498575375e-01,2.121980538045596387e-01,2.050579710592622673e-01,1.979178883139643685e-01,1.907778055686664975e-01,1.836377228233690984e-01,1.764976400780712273e-01,1.620865016322969587e-01,1.436121261774326863e-01,1.251377507225696073e-01,1.066633752677053348e-01,8.818899981284103462e-02,6.971462435797798340e-02,5.124024890311369707e-02,3.276587344824941073e-02,1.429149799338511051e-02,0.000000000000000000e+00,0.000000000000000000e+00,0.000000000000000000e+00,0.000000000000000000e+00,0.000000000000000000e+00,0.000000000000000000e+00,0.000000000000000000e+00,0.000000000000000000e+00,0.000000000000000000e+00,0.000000000000000000e+00,-5.637675883060577764e-03,-1.258643918078696834e-02,-1.953520247851335892e-02,-2.648396577623974776e-02,-3.343272907396567517e-02,-4.038149237169206401e-02,-4.733025566941845286e-02,-5.427901896714484170e-02,-6.122778226487077258e-02,-7.995616848259803899e-02,-1.166344562927092710e-01,-1.533127441028180882e-01,-1.899910319129293201e-01,-2.266693197230405799e-01,-2.633476075331517841e-01,-3.000258953432606290e-01,-3.367041831533719165e-01,-3.733824709634830930e-01,-4.100607587735919379e-01,-4.192217692282452779e-01,-4.278536012722153892e-01,-4.364854333161855560e-01,-4.451172653601551121e-01,-4.537490974041252789e-01,-4.623809294480954457e-01,-4.710127614920650019e-01,-4.796445935360351687e-01,-4.882764255800053355e-01,-4.987823726048620232e-01,-5.107251411150642850e-01,-5.226679096252674350e-01,-5.346106781354704740e-01,-5.465534466456736240e-01,-5.584962151558758858e-01,-5.704389836660789248e-01,-5.823817521762820748e-01,-5.943245206864843366e-01,-6.068417540594914783e-01,-6.225903522857719752e-01,-6.383389505120525831e-01,-6.540875487383320808e-01,-6.698361469646125776e-01,-6.855847451908931856e-01,-7.013333434171726832e-01,-7.170819416434531801e-01,-7.328305398697337880e-01,-7.485791380960142849e-01,-7.553080237542982855e-01,-7.587990638753533412e-01,-7.622901039964082859e-01,-7.657811441174631195e-01,-7.692721842385180642e-01,-7.727632243595731198e-01,-7.762542644806280645e-01,-7.797453046016828981e-01,-7.832363447227378428e-01,-7.907127398760621650e-01,-8.066287103918381440e-01,-8.225446809076152332e-01,-8.384606514233923225e-01,-8.543766219391694117e-01,-8.702925924549453907e-01,-8.862085629707224799e-01,-9.021245334864995691e-01,-9.180405040022755481e-01,-9.339564745180526373e-01,-9.387986383266075929e-01,-9.424872806031598937e-01,-9.461759228797119725e-01,-9.498645651562642733e-01,-9.535532074328164631e-01,-9.572418497093687639e-01,-9.609304919859208427e-01,-9.646191342624730325e-01,-9.683077765390253333e-01,-9.717402843638472953e-01,-9.749068064118729948e-01,-9.780733284598985833e-01,-9.812398505079241717e-01,-9.844063725559495381e-01,-9.875728946039751266e-01,-9.907394166520007150e-01,-9.939059387000261925e-01,-9.970724607480517809e-01,-1.000000000000000000e+00,-1.000000000000000000e+00,-1.000000000000000000e+00,-1.000000000000000000e+00,-1.000000000000000000e+00,-1.000000000000000000e+00,-1.000000000000000000e+00,-1.000000000000000000e+00,-1.000000000000000000e+00,-1.000000000000000000e+00,-1.000000000000000000e+00,-1.000000000000000000e+00,-1.000000000000000000e+00,-1.000000000000000000e+00,-1.000000000000000000e+00,-1.000000000000000000e+00,-1.000000000000000000e+00,-1.000000000000000000e+00,-1.000000000000000000e+00,-9.994036607342591250e-01,-9.969724314200848481e-01,-9.945412021059104601e-01,-9.921099727917359612e-01,-9.896787434775616843e-01,-9.872475141633872964e-01,-9.848162848492129084e-01,-9.823850555350385205e-01,-9.799538262208642436e-01,-9.775225969066897447e-01,-9.762067534262381940e-01,-9.751190570481390596e-01,-9.740313606700399252e-01,-9.729436642919407907e-01,-9.718559679138415452e-01,-9.707682715357425218e-01,-9.696805751576432764e-01,-9.685928787795441419e-01,-9.675051824014450075e-01,-8.801555063798394141e-01,-6.712548590423625949e-01,-4.623542117048855538e-01,-2.534535643674226124e-01,-4.455291702994568226e-02,1.643477303075312479e-01,3.732483776449940782e-01,5.821490249824711194e-01,7.910496723199479385e-01,9.999503196574250907e-01,1.200000000000000178e+00
1.000000000000000000e+00,1.000000000000000000e+00,1.000000000000000000e+00,1.000000000000000000e+00,1.000000000000000000e+00,1.000000000000000000e+00,1.000000000000000000e+00,1.000000000000000000e+00,1.000000000000000000e+00,1.000000000000000000e+00,1.000000000000000000e+00,1.000000000000000000e+00,1.000000000000000000e+00,1.000000000000000000e+00,1.000000000000000000e+00,9.770774661554483265e-01,9.462202090570135393e-01,9.153629519585786412e-01,8.845056948601438540e-01,8.536484377617089558e-01,8.227911806632740577e-01,7.919339235648392705e-01,7.887436682418349498e-01,8.029257163592173896e-01,8.171077644765998294e-01,8.312898125939822691e-01,8.454718607113645978e-01,8.596539088287470376e-01,8.738359569461293663e-01,8.804069053266331268e-01,8.789190422210299003e-01,8.774311791154267848e-01,8.759433160098236693e-01,8.744554529042204427e-01,8.729675897986173272e-01,8.714797266930142117e-01,8.667954350821247544e-01,8.563575721617200376e-01,8.459197092413152097e-01,8.354818463209104928e-01,8.250439834005057760e-01,8.146061204801010591e-01,8.041682575596963423e-01,7.944450799632555293e-01,7.871339653351929755e-01,7.798228507071305327e-01,7.725117360790679788e-01,7.652006214510054249e-01,7.578895068229429821e-01,7.505783921948803172e-01,7.434808714847312983e-01,7.383056960358026499e-01,7.331305205868741126e-01,7.279553451379454643e-01,7.227801696890169270e-01,7.176049942400882786e-01,7.124298187911597413e-01,7.072546433422310930e-01,7.121340944797923678e-01,7.173092699287210161e-01,7.224844453776495534e-01,7.276596208265782018e-01,7.328347962755067391e-01,7.380099717244352764e-01,7.431851471733639247e-01,7.114907502273278839e-01,6.729223652076543605e-01,6.343539801879809481e-01,5.957855951683074247e-01,5.572172101486339013e-01,5.186488251289604889e-01,4.800804401092869100e-01,4.776419931848415734e-01,4.896555214984877336e-01,5.016690498121338937e-01,5.136825781257802204e-01,5.256961064394263250e-01,5.377096347530725406e-01,5.497231630667186453e-01,5.411879384527674697e-01,5.181182300607598545e-01,4.950485216687522394e-01,4.719788132767446243e-01,4.489091048847370091e-01,4.258393964927293940e-01,4.027696881007217788e-01,3.826232153200763708e-01,3.659480848279235143e-01,3.492729543357707134e-01,3.325978238436178569e-01,3.159226933514650004e-01,2.992475628593121995e-01,2.825724323671593430e-01,2.645623711243739740e-01,2.438244079129047726e-01,2.230864447014355156e-01,2.023484814899663142e-01,1.816105182784968353e-01,1.608725550670275783e-01,1.401345918555583769e-01,1.212579150592153765e-01,1.098263839233771522e-01,9.839485278753892783e-02,8.696332165170068962e-02,7.553179051586246529e-02,6.410025938002422707e-02,5.266872824418600274e-02,4.163235493593434727e-02,3.573303338630802461e-02,2.983371183668170196e-02,2.393439028705537930e-02,1.803506873742906011e-02,1.213574718780273745e-02,6.236425638176418262e-03,3.371040885500956041e-04,0.000000000000000000e+00,0.000000000000000000e+00,0.000000000000000000e+00,0.000000000000000000e+00,0.000000000000000000e+00,0.000000000000000000e+00,0.000000000000000000e+00,-1.905307224948786168e-02,-4.245158202956023086e-02,-6.585009180963319331e-02,-8.924860158970555901e-02,-1.126471113697785076e-01,-1.360456211498508872e-01,-1.594441309299238496e-01,-1.984299687564027304e-01,-2.445599986041496754e-01,-2.906900284518977862e-01,-3.368200582996447312e-01,-3.829500881473928420e-01,-4.290801179951397870e-01,-4.752101478428878978e-01,-5.089992086398904547e-01,-5.329787812170714290e-01,-5.569583537942517371e-01,-5.809379263714326003e-01,-6.049174989486129084e-01,-6.288970715257938826e-01,-6.528766441029740797e-01,-6.794106959724818262e-01,-7.093507202317578253e-01,-7.392907444910346015e-01,-7.692307687503106006e-01,-7.991707930095873769e-01,-8.291108172688632649e-01,-8.590508415281401522e-01,-8.842077703806017208e-01,-8.982041432838280270e-01,-9.122005161870547774e-01,-9.261968890902810836e-01,-9.401932619935078339e-01,-9.541896348967342512e-01,-9.681860077999608905e-01,-9.802691827920183565e-01,-9.831052345467590214e-01,-9.859412863014996864e-01,-9.887773380562404624e-01,-9.916133898109811273e-01,-9.944494415657217923e-01,-9.972854933204624572e-01,-1.000000000000000000e+00,-1.000000000000000000e+00,-1.000000000000000000e+00,-1.000000000000000000e+00,-1.000000000000000000e+00,-1.000000000000000000e+00,-1.000000000000000000e+00,-1.000000000000000000e+00,-9.975950391049089871e-01,-9.949646131259032300e-01,-9.923341871468974729e-01,-9.897037611678916047e-01,-9.870733351888859586e-01,-9.844429092098800904e-01,-9.818124832308743333e-01,-9.790650640577156505e-01,-9.762857376497879880e-01,-9.735064112418602145e-01,-9.707270848339325520e-01,-9.679477584260048895e-01,-9.651684320180772270e-01,-9.623891056101494534e-01,-9.553955614893271386e-01,-9.462032950835159717e-01,-9.370110286777050268e-01,-9.278187622718938599e-01,-9.186264958660829150e-01,-9.094342294602717480e-01,-9.002419630544609142e-01,-8.899852046267263672e-01,-8.787790343956548567e-01,-8.675728641645835681e-01,-8.563666939335119466e-01,-8.451605237024407691e-01,-8.339543534713691475e-01,-8.227481832402978590e-01,-8.136442666211375352e-01,-8.076937304198440470e-01,-8.017431942185504479e-01,-7.957926580172569597e-01,-7.898421218159633606e-01,-7.838915856146698724e-01,-7.779410494133762732e-01,-7.694430391923853252e-01,-7.541070723922060903e-01,-7.387711055920272996e-01,-7.234351387918480647e-01,-7.080991719916691629e-01,-6.927632051914899280e-01,-6.774272383913111373e-01,-6.637034077757916206e-01,-6.596523942682305242e-01,-6.556013807606695387e-01,-6.515503672531084423e-01,-6.474993537455474568e-01,-6.434483402379863604e-01,-6.393973267304253749e-01,-6.352961656759285036e-01,-6.277348238828711624e-01,-6.201734820898137102e-01,-6.126121402967563689e-01,-6.050507985036988057e-01,-5.974894567106414645e-01,-5.899281149175839012e-01,-5.823667731245265600e-01,-5.719729523446235309e-01,-5.612136504051271624e-01,-5.504543484656307939e-01,-5.396950465261345364e-01,-5.289357445866387231e-01,-5.181764426471423546e-01,-5.074171407076459861e-01,-4.922792224987040943e-01,-4.757368424674872642e-01,-4.591944624362712113e-01,-4.426520824050543812e-01,-4.261097023738375511e-01,-4.095673223426206655e-01,-3.930249423114046681e-01,-3.884240516896095841e-01,-3.908794957188367336e-01,-3.933349397480638832e-01,-3.957903837772909217e-01,-3.982458278065181267e-01,-4.007012718357452763e-01,-4.031567158649724258e-01,-3.982230491855476839e-01,-3.859002717974704955e-01,-3.735774944093933070e-01,-3.612547170213160630e-01,-3.489319396332395407e-01,-3.366091622451623522e-01,-3.242863848570851637e-01,-3.111237464201142555e-01,-2.965398046696310907e-01,-2.819558629191486476e-01,-2.673719211686654829e-01,-2.527879794181823181e-01,-2.382040376676991533e-01,-2.236200959172167102e-01,-2.053358333893228749e-01,-1.755152766730308234e-01,-1.456947199567387718e-01,-1.158741632404482191e-01,-8.605360652415616762e-02,-5.623304980786411611e-02,-2.641249309157206460e-02,0.000000000000000000e+00,0.000000000000000000e+00,0.000000000000000000e+00,0.000000000000000000e+00,0.000000000000000000e+00,0.000000000000000000e+00,0.000000000000000000e+00,0.000000000000000000e+00,1.008624596561081416e-02,2.031866940898342799e-02,3.055109285235655878e-02,4.078351629572968956e-02,5.101593973910282381e-02,6.124836318247543765e-02,7.148078662584857190e-02,1.236933722242787304e-01,1.829026515152184229e-01,2.421119308061550901e-01,3.013212100970947827e-01,3.605304893880344475e-01,4.197397686789741122e-01,4.789490479699107794e-01,5.231220948225803191e-01,5.616934080217760306e-01,6.002647212209717420e-01,6.388360344201655661e-01,6.774073476193612775e-01,7.159786608185571000e-01,7.545499740177528114e-01,7.872254930330445655e-01,8.159704825923992377e-01,8.447154721517552423e-01,8.734604617111113578e-01,9.022054512704673623e-01,9.309504408298220346e-01,9.596954303891780391e-01,9.765498439529746166e-01,9.800723995823561463e-01,9.835949552117375649e-01,9.871175108411190946e-01,9.906400664705006243e-01,9.941626220998821539e-01,9.976851777292635726e-01,9.998422834970371875e-01,9.993822770300624381e-01,9.989222705630875776e-01,9.984622640961128281e-01,9.980022576291379677e-01,9.975422511621631072e-01,9.970822446951883578e-01,9.967624834294263048e-01,9.969569545681110645e-01,9.971514257067958242e-01,9.973458968454805840e-01,9.975403679841654547e-01,9.977348391228502145e-01,9.979293102615349742e-01,9.979922260840254911e-01,9.966518852004445650e-01,9.953115443168635279e-01,9.939712034332826018e-01,9.926308625497015647e-01,9.912905216661205277e-01,9.899501807825396016e-01,9.886098398989585645e-01,9.900894496638816822e-01,9.916953258757527090e-01,9.933012020876237358e-01,9.949070782994947626e-01,9.965129545113657894e-01,9.981188307232368162e-01,9.997247069351078430e-01,1.000000000000000000e+00,1.000000000000000000e+00,1.000000000000000000e+00,1.000000000000000000e+00,1.000000000000000000e+00,1.000000000000000000e+00,1.000000000000000000e+00,1.000000000000000000e+00,1.000000000000000000e+00,1.000000000000000000e+00,1.000000000000000000e+00,1.000000000000000000e+00,1.000000000000000000e+00,1.000000000000000000e+00,1.000000000000000000e+00,1.000000000000000000e+00,1.000000000000000000e+00,1.000000000000000000e+00,1.000000000000000000e+00,1.000000000000000000e+00,1.000000000000000000e+00,1.000000000000000000e+00,1.000000000000000000e+00,1.000000000000000000e+00,1.000000000000000000e+00,1.000000000000000000e+00,1.000000000000000000e+00,1.000000000000000000e+00,1.000000000000000000e+00,1.000000000000000000e+00,1.000000000000000000e+00,1.000000000000000000e+00,1.000000000000000000e+00,1.000000000000000000e+00,1.000000000000000000e+00,1.000000000000000000e+00,1.000000000000000000e+00,1.000000000000000000e+00,1.000000000000000000e+00,1.000000000000000000e+00,1.000000000000000000e+00,1.000000000000000000e+00,1.000000000000000000e+00,1.000000000000000000e+00,1.000000000000000000e+00,1.000000000000000000e+00,1.000000000000000000e+00,1.000000000000000000e+00,1.000000000000000000e+00,1.000000000000000000e+00,1.000000000000000000e+00,1.000000000000000000e+00,1.000000000000000000e+00,1.000000000000000000e+00,1.000000000000000000e+00,1.000000000000000000e+00,1.000000000000000000e+00,1.000000000000000000e+00,1.000000000000000000e+00,1.000000000000000000e+00,1.000000000000000000e+00,1.000000000000000000e+00,1.000000000000000000e+00,1.000000000000000000e+00,1.000000000000000000e+00,1.000000000000000000e+00,1.000000000000000000e+00,1.000000000000000000e+00,1.000000000000000000e+00,1.000000000000000000e+00,1.000000000000000000e+00,1.000000000000000000e+00,1.000000000000000000e+00,1.000000000000000000e+00,1.000000000000000000e+00,1.000000000000000000e+00,1.000000000000000000e+00,1.000000000000000000e+00,9.986615833778932361e-01,9.954309225659115912e-01,9.922002617539298353e-01,9.889696009419479683e-01,9.857389401299662124e-01,9.825082793179845675e-01,9.792776185060028116e-01,9.745562259952111894e-01,9.661080042373952903e-01,9.576597824795792802e-01,9.492115607217637141e-01,9.407633389639477040e-01,9.323151172061318048e-01,9.238668954483157947e-01,9.162603980350844113e-01,9.131686039246225128e-01,9.100768098141606144e-01,9.069850157036987159e-01,9.038932215932369285e-01,9.008014274827751411e-01,8.977096333723132426e-01,8.945734016490008988e-01,8.899262910887755229e-01,8.852791805285498139e-01,8.806320699683242159e-01,8.759849594080985069e-01,8.713378488478731310e-01,8.666907382876475330e-01,8.620436277274218240e-01,8.560170656198151651e-01,8.498372311180550920e-01,8.436573966162952409e-01,8.374775621145351678e-01,8.312977276127750947e-01,8.251178931110149106e-01,8.189380586092551706e-01,8.055764024308879057e-01,7.900867990890821924e-01,7.745971957472748137e-01,7.591075924054691004e-01,7.436179890636618328e-01,7.281283857218560085e-01,7.126387823800502952e-01,7.240670327931409966e-01,7.504496464033951764e-01,7.768322600136493561e-01,8.032148736239062004e-01,8.295974872341602691e-01,8.559801008444171133e-01,8.823627144546712930e-01,8.936263474771273252e-01,8.906109432777729040e-01,8.875955390784188159e-01,8.845801348790645058e-01,8.815647306797104177e-01,8.785493264803563296e-01,8.755339222810020194e-01,8.646685360714798652e-01,8.413013266605797735e-01,8.179341172496773504e-01,7.945669078387772588e-01,7.711996984278748357e-01,7.478324890169747441e-01,7.244652796060746525e-01,7.027032852005704600e-01,6.855785785884400685e-01,6.684538719763096770e-01,6.513291653641775092e-01,6.342044587520471177e-01,6.170797521399150609e-01,5.999550455277846694e-01,5.682245362746481954e-01,4.374991424546543217e-01,3.067737486346737152e-01,1.760483548146797861e-01,4.532296099469912409e-02,-8.540243282528148239e-02,-2.161278266452754115e-01,-3.468532204652559625e-01,1.200000000000000178e+00
8.531699328770707691e-01,8.491780212003378070e-01,8.451861095236048449e-01,8.411941978468719938e-01,8.372022861701390317e-01,8.332103744934060696e-01,8.292184628166731075e-01,8.252265511399402564e-01,8.212346394632072943e-01,7.993809140326536555e-01,7.735975895762595700e-01,7.478142651198653734e-01,7.220309406634712879e-01,6.962476162070770913e-01,6.704642917506830058e-01,6.446809672942888092e-01,6.188976428378947237e-01,6.114765142096529882e-01,6.144135473306254758e-01,6.173505804515979634e-01,6.202876135725705620e-01,6.232246466935430496e-01,6.261616798145155371e-01,6.290987129354881358e-01,6.320357460564606233e-01,6.354528165621300406e-01,6.394356454140492918e-01,6.434184742659686540e-01,6.474013031178879052e-01,6.513841319698071564e-01,6.553669608217265186e-01,6.593497896736457697e-01,6.633326185255650209e-01,6.643067273218872248e-01,6.574935606801931565e-01,6.506803940384990881e-01,6.438672273968050197e-01,6.370540607551109513e-01,6.302408941134168829e-01,6.234277274717228146e-01,6.166145608300287462e-01,6.096128101200062321e-01,6.008823721169738175e-01,5.921519341139414028e-01,5.834214961109089881e-01,5.746910581078765734e-01,5.659606201048441587e-01,5.572301821018117440e-01,5.484997440987793293e-01,5.397693060957469147e-01,5.377010807808375592e-01,5.362276958845105801e-01,5.347543109881836010e-01,5.332809260918566219e-01,5.318075411955296428e-01,5.303341562992026637e-01,5.288607714028756845e-01,5.273873865065488165e-01,5.173454463746050003e-01,5.042569088255531851e-01,4.911683712765012033e-01,4.780798337274492771e-01,4.649912961783972953e-01,4.519027586293454801e-01,4.388142210802934984e-01,4.257256835312415721e-01,4.161868468638958429e-01,4.094668903084931477e-01,4.027469337530905080e-01,3.960269771976879238e-01,3.893070206422852286e-01,3.825870640868825889e-01,3.758671075314800047e-01,3.691471509760773095e-01,3.505381167664918807e-01,3.122862586065167090e-01,2.740344004465421479e-01,2.357825422865675868e-01,1.975306841265924429e-01,1.592788259666178541e-01,1.210269678066432653e-01,8.277510964666812132e-02,4.624918399566135124e-02,1.677081608960667714e-02,-1.270755181644843412e-02,-4.218591972250310129e-02,-7.166428762855821255e-02,-1.011426555346128797e-01,-1.306210234406675608e-01,-1.600993913467226581e-01,-1.894614120485641762e-01,-2.118426004976155519e-01,-2.342237889466672329e-01,-2.566049773957185809e-01,-2.789861658447702619e-01,-3.013673542938216099e-01,-3.237485427428729579e-01,-3.461297311919246389e-01,-3.685109196409759869e-01,-3.863401122142503530e-01,-4.032767565765882911e-01,-4.202134009389260072e-01,-4.371500453012637233e-01,-4.540866896636016614e-01,-4.710233340259393775e-01,-4.879599783882773156e-01,-5.048966227506150872e-01,-5.265548021151044145e-01,-5.506917873557238829e-01,-5.748287725963429073e-01,-5.989657578369620428e-01,-6.231027430775815112e-01,-6.472397283182005356e-01,-6.713767135588195600e-01,-6.955136987994390285e-01,-7.135418307493854861e-01,-7.248291590682450769e-01,-7.361164873871045566e-01,-7.474038157059639254e-01,-7.586911440248235161e-01,-7.699784723436829958e-01,-7.812658006625423646e-01,-7.925531289814019553e-01,-8.045871243171835996e-01,-8.184048241933908896e-01,-8.322225240695979576e-01,-8.460402239458050255e-01,-8.598579238220123155e-01,-8.736756236982193835e-01,-8.874933235744264515e-01,-9.013110234506336305e-01,-9.136140837184946184e-01,-9.142327812933992437e-01,-9.148514788683037580e-01,-9.154701764432083833e-01,-9.160888740181130085e-01,-9.167075715930176338e-01,-9.173262691679221481e-01,-9.179449667428267734e-01,-9.185636643177313987e-01,-9.237912136724885093e-01,-9.293421912223229775e-01,-9.348931687721575567e-01,-9.404441463219920250e-01,-9.459951238718264932e-01,-9.515461014216610725e-01,-9.570970789714955407e-01,-9.626480565213301199e-01,-9.651817066722185867e-01,-9.667314457147550000e-01,-9.682811847572915243e-01,-9.698309237998280485e-01,-9.713806628423645728e-01,-9.729304018849009861e-01,-9.744801409274375104e-01,-9.760298799699740346e-01,-9.783253646466475439e-01,-9.811748317943943531e-01,-9.840242989421410513e-01,-9.868737660898878605e-01,-9.897232332376345587e-01,-9.925727003853813679e-01,-9.954221675331281771e-01,-9.982716346808748753e-01,-1.000000000000000000e+00,-1.000000000000000000e+00,-1.000000000000000000e+00,-1.000000000000000000e+00,-1.000000000000000000e+00,-1.000000000000000000e+00,-1.000000000000000000e+00,-1.000000000000000000e+00,-1.000000000000000000e+00,-1.000000000000000000e+00,-1.000000000000000000e+00,-1.000000000000000000e+00,-1.000000000000000000e+00,-1.000000000000000000e+00,-1.000000000000000000e+00,-1.000000000000000000e+00,-9.998877850856547900e-01,-9.964652301981266058e-01,-9.930426753105985327e-01,-9.896201204230702375e-01,-9.861975655355420534e-01,-9.827750106480138692e-01,-9.793524557604856851e-01,-9.759299008729575009e-01,-9.725073459854292057e-01,-9.682445477898168340e-01,-9.638363228678052952e-01,-9.594280979457937564e-01,-9.550198730237822176e-01,-9.506116481017706787e-01,-9.462034231797590289e-01,-9.417951982577474901e-01,-9.373869733357359513e-01,-9.255994802222970996e-01,-9.102123440886497052e-01,-8.948252079550018667e-01,-8.794380718213543613e-01,-8.640509356877069669e-01,-8.486637995540595725e-01,-8.332766634204121781e-01,-8.178895272867647837e-01,-8.037394662479748764e-01,-7.908677161405386347e-01,-7.779959660331023930e-01,-7.651242159256662623e-01,-7.522524658182300206e-01,-7.393807157107934458e-01,-7.265089656033572041e-01,-7.136372154959210734e-01,-7.031110047682455066e-01,-6.977696705642516539e-01,-6.924283363602578012e-01,-6.870870021562638374e-01,-6.817456679522699847e-01,-6.764043337482762430e-01,-6.710629995442823903e-01,-6.657216653402885376e-01,-6.595298192539087445e-01,-6.477033319467236927e-01,-6.358768446395386409e-01,-6.240503573323535891e-01,-6.122238700251685373e-01,-6.003973827179835965e-01,-5.885708954107982116e-01,-5.767444081036131598e-01,-5.649179207964281080e-01,-5.713380818407698403e-01,-5.787020350412251934e-01,-5.860659882416807687e-01,-5.934299414421361218e-01,-6.007938946425914750e-01,-6.081578478430468282e-01,-6.155218010435021814e-01,-6.228857542439576456e-01,-6.169149162365387129e-01,-6.069720127629444351e-01,-5.970291092893502682e-01,-5.870862058157561014e-01,-5.771433023421619346e-01,-5.672003988685674347e-01,-5.572574953949731569e-01,-5.473145919213789901e-01,-5.379711571497786116e-01,-5.290440200878960830e-01,-5.201168830260132214e-01,-5.111897459641306929e-01,-5.022626089022481644e-01,-4.933354718403656358e-01,-4.844083347784831073e-01,-4.754811977166005232e-01,-4.627331423311587533e-01,-4.444829645597924150e-01,-4.262327867884260768e-01,-4.079826090170597386e-01,-3.897324312456934559e-01,-3.714822534743265625e-01,-3.532320757029602243e-01,-3.349818979315939416e-01,-3.165397715653798238e-01,-2.974532463450338393e-01,-2.783667211246879103e-01,-2.592801959043419258e-01,-2.401936706839959967e-01,-2.211071454636489020e-01,-2.020206202433029452e-01,-1.829340950229569884e-01,-1.641835550886586448e-01,-1.519287306846134888e-01,-1.396739062805683329e-01,-1.274190818765231770e-01,-1.151642574724780210e-01,-1.029094330684328651e-01,-9.065460866438770915e-02,-7.839978426034253933e-02,-6.614495985629667563e-02,-5.768305674880177397e-02,-4.979367006342756696e-02,-4.190428337805335302e-02,-3.401489669267915295e-02,-2.612551000730493900e-02,-1.823612332193073199e-02,-1.034673663655651804e-02,-2.457349951182311032e-03,0.000000000000000000e+00,0.000000000000000000e+00,0.000000000000000000e+00,0.000000000000000000e+00,0.000000000000000000e+00,0.000000000000000000e+00,0.000000000000000000e+00,0.000000000000000000e+00,1.371562567542107362e-02,4.070443748834687292e-02,6.769324930127267048e-02,9.468206111419845417e-02,1.216708729271242517e-01,1.486596847400516175e-01,1.756484965529774012e-01,2.026373083659032126e-01,2.359495603470351255e-01,2.822248646729892951e-01,3.285001689989434093e-01,3.747754733248975789e-01,4.210507776508516931e-01,4.673260819768058072e-01,5.136013863027599768e-01,5.598766906287141465e-01,6.018112824052012089e-01,6.186662016736416136e-01,6.355211209420821294e-01,6.523760402105226452e-01,6.692309594789630500e-01,6.860858787474035658e-01,7.029407980158440816e-01,7.197957172842844864e-01,7.366506365527250022e-01,7.534371762263574190e-01,7.702213979476234540e-01,7.870056196688904881e-01,8.037898413901565231e-01,8.205740631114226691e-01,8.373582848326887040e-01,8.541425065539547390e-01,8.709267282752207739e-01,8.785622687406829945e-01,8.837200413660314391e-01,8.888778139913798837e-01,8.940355866167283283e-01,8.991933592420767729e-01,9.043511318674255506e-01,9.095089044927739952e-01,9.146666771181224398e-01,9.174986626794329192e-01,9.188220296046107904e-01,9.201453965297886617e-01,9.214687634549664219e-01,9.227921303801442932e-01,9.241154973053221644e-01,9.254388642304999246e-01,9.267622311556777959e-01,9.286009663968153305e-01,9.311334666786676983e-01,9.336659669605200662e-01,9.361984672423724341e-01,9.387309675242248019e-01,9.412634678060771698e-01,9.437959680879294266e-01,9.463284683697817945e-01,9.497941879307663093e-01,9.561217799477564894e-01,9.624493719647465584e-01,9.687769639817370715e-01,9.751045559987272515e-01,9.814321480157174316e-01,9.877597400327075006e-01,9.940873320496976806e-01,9.999721261313680998e-01,9.995470496347317324e-01,9.991219731380954761e-01,9.986968966414591087e-01,9.982718201448228523e-01,9.978467436481864850e-01,9.974216671515501176e-01,9.969965906549137502e-01,9.965715141582774939e-01,9.967513350541249428e-01,9.970095685749239545e-01,9.972678020957229661e-01,9.975260356165219777e-01,9.977842691373209894e-01,9.980425026581200010e-01,9.983007361789191236e-01,9.985589696997181353e-01,9.975803128919409346e-01,9.960838880396435391e-01,9.945874631873460325e-01,9.930910383350486370e-01,9.915946134827512415e-01,9.900981886304538460e-01,9.886017637781563394e-01,9.871053389258589439e-01,9.872664577747717329e-01,9.889297256029064842e-01,9.905929934310413465e-01,9.922562612591759867e-01,9.939195290873107380e-01,9.955827969154454893e-01,9.972460647435802406e-01,9.989093325717148808e-01,1.000000000000000000e+00,1.000000000000000000e+00,1.000000000000000000e+00,1.000000000000000000e+00,1.000000000000000000e+00,1.000000000000000000e+00,1.000000000000000000e+00,1.000000000000000000e+00,1.000000000000000000e+00,1.000000000000000000e+00,1.000000000000000000e+00,1.000000000000000000e+00,1.000000000000000000e+00,1.000000000000000000e+00,1.000000000000000000e+00,1.000000000000000000e+00,1.000000000000000000e+00,9.977284833250712470e-01,9.954191080388937740e-01,9.931097327527163010e-01,9.908003574665388280e-01,9.884909821803613550e-01,9.861816068941838820e-01,9.838722316080064090e-01,9.815628563218289360e-01,9.781901592491950570e-01,9.745570568411023871e-01,9.709239544330096061e-01,9.672908520249169362e-01,9.636577496168242662e-01,9.600246472087315963e-01,9.563915448006389264e-01,9.527584423925462564e-01,9.502535388435565666e-01,9.484314924987606865e-01,9.466094461539648064e-01,9.447873998091689263e-01,9.429653534643731572e-01,9.411433071195771660e-01,9.393212607747812859e-01,9.374992144299855168e-01,9.373895214406394727e-01,9.394361252692673414e-01,9.414827290978952101e-01,9.435293329265230788e-01,9.455759367551509476e-01,9.476225405837788163e-01,9.496691444124066850e-01,9.517157482410346647e-01,9.531666376270501173e-01,9.529420801432181287e-01,9.527175226593861401e-01,9.524929651755540405e-01,9.522684076917220519e-01,9.520438502078899523e-01,9.518192927240579637e-01,9.515947352402259751e-01,9.509791344066155228e-01,9.459838480554855211e-01,9.409885617043554085e-01,9.359932753532251848e-01,9.309979890020950721e-01,9.260027026509650705e-01,9.210074162998350689e-01,9.160121299487049562e-01,9.110168435975749546e-01,8.963784101721888886e-01,8.806879970659747814e-01,8.649975839597606742e-01,8.493071708535465669e-01,8.336167577473314605e-01,8.179263446411173533e-01,8.022359315349032460e-01,7.865455184286891388e-01,7.788581432518393299e-01,7.742628509113347324e-01,7.696675585708302458e-01,7.650722662303257593e-01,7.604769738898211617e-01,7.558816815493166752e-01,7.512863892088121887e-01,7.466910968683073690e-01,7.421034756610966898e-01,7.375223632942565777e-01,7.329412509274164655e-01,7.283601385605763534e-01,7.237790261937362413e-01,7.191979138268961291e-01,7.146168014600560170e-01,7.100356890932159049e-01,7.071067811865474617e-01,7.071067811865474617e-01,7.071067811865474617e-01,7.071067811865474617e-01,7.071067811865474617e-01,7.071067811865474617e-01,7.071067811865474617e-01,7.071067811865474617e-01,7.131812967043327234e-01,7.468672463938716977e-01,7.805531960834106719e-01,8.142391457729496462e-01,8.479250954624886205e-01,8.816110451520294822e-01,9.152969948415684565e-01,9.489829445311074307e-01,9.826688942206464050e-01,1.300000000000000044e+00
-1.000000000000000000e+00,-1.000000000000000000e+00,-1.000000000000000000e+00,-1.000000000000000000e+00,-1.000000000000000000e+00,-1.000000000000000000e+00,-1.000000000000000000e+00,-1.000000000000000000e+00,-1.000000000000000000e+00,-1.000000000000000000e+00,-1.000000000000000000e+00,-1.000000000000000000e+00,-1.000000000000000000e+00,-1.000000000000000000e+00,-1.000000000000000000e+00,-1.000000000000000000e+00,-1.000000000000000000e+00,-1.000000000000000000e+00,-1.000000000000000000e+00,-1.000000000000000000e+00,-1.000000000000000000e+00,-1.000000000000000000e+00,-1.000000000000000000e+00,-1.000000000000000000e+00,-1.000000000000000000e+00,-1.000000000000000000e+00,-1.000000000000000000e+00,-1.000000000000000000e+00,-1.000000000000000000e+00,-1.000000000000000000e+00,-9.999937153463787087e-01,-9.998889711193580387e-01,-9.997842268923372577e-01,-9.996794826653165877e-01,-9.995747384382958067e-01,-9.994699942112751367e-01,-9.993652499842543557e-01,-9.992605057572336857e-01,-9.991557615302129047e-01,-9.990510173031922347e-01,-9.987115301598885608e-01,-9.956724994793321182e-01,-9.926334687987756755e-01,-9.895944381182192329e-01,-9.865554074376626792e-01,-9.835163767571062365e-01,-9.804773460765497939e-01,-9.774383153959933512e-01,-9.743992847154367976e-01,-9.713602540348803549e-01,-9.676677744597578235e-01,-9.580942548335413811e-01,-9.485207352073250497e-01,-9.389472155811086074e-01,-9.293736959548921650e-01,-9.198001763286758337e-01,-9.102266567024592803e-01,-9.006531370762428379e-01,-8.910796174500265066e-01,-8.815060978238100642e-01,-8.729146518496486706e-01,-8.715250793238901172e-01,-8.701355067981315639e-01,-8.687459342723730105e-01,-8.673563617466145681e-01,-8.659667892208560147e-01,-8.645772166950974613e-01,-8.631876441693389079e-01,-8.617980716435804656e-01,-8.604084991178219122e-01,-8.582379579875663023e-01,-8.512700382868291227e-01,-8.443021185860918321e-01,-8.373341988853546525e-01,-8.303662791846173619e-01,-8.233983594838801823e-01,-8.164304397831428917e-01,-8.094625200824057121e-01,-8.024946003816684215e-01,-7.955266806809311309e-01,-7.883612987641607228e-01,-7.801592402132160320e-01,-7.719571816622713412e-01,-7.637551231113265393e-01,-7.555530645603819595e-01,-7.473510060094372687e-01,-7.391489474584924668e-01,-7.309468889075478870e-01,-7.227448303566031962e-01,-7.145427718056583943e-01,-7.056362797910585849e-01,-6.935207019975850873e-01,-6.814051242041117007e-01,-6.692895464106379810e-01,-6.571739686171645944e-01,-6.450583908236910968e-01,-6.329428130302174882e-01,-6.208272352367439906e-01,-6.087116574432704930e-01,-5.965960796497968843e-01,-5.825276685123360609e-01,-5.606479239989257124e-01,-5.387681794855149198e-01,-5.168884349721045712e-01,-4.950086904586942782e-01,-4.731289459452835411e-01,-4.512492014318731925e-01,-4.293694569184628440e-01,-4.074897124050521069e-01,-3.856099678916417584e-01,-3.631645994114671705e-01,-3.387138368673098254e-01,-3.142630743231528689e-01,-2.898123117789959124e-01,-2.653615492348385674e-01,-2.409107866906816386e-01,-2.164600241465247099e-01,-1.920092616023677812e-01,-1.675584990582104361e-01,-1.431077365140534796e-01,-1.233615270970340461e-01,-1.185130692492835230e-01,-1.136646114015330833e-01,-1.088161535537826574e-01,-1.039676957060321205e-01,-9.911923785828169464e-02,-9.427078001053125489e-02,-8.942232216278073187e-02,-8.457386431503029212e-02,-7.972540646727985236e-02,-7.415400433413424364e-02,-6.652499154255668568e-02,-5.889597875097912077e-02,-5.126696595940142404e-02,-4.363795316782385914e-02,-3.600894037624630117e-02,-2.837992758466860443e-02,-2.075091479309103953e-02,-1.312190200151347463e-02,-5.492889209935777894e-03,8.171799039917236607e-03,3.735679561104933433e-02,6.654179218218143899e-02,9.572678875331405712e-02,1.249117853244461479e-01,1.540967818955782664e-01,1.832817784667108707e-01,2.124667750378429754e-01,2.416517716089750800e-01,2.708367681801077120e-01,2.977773833114035762e-01,3.194811084164151938e-01,3.411848335214271444e-01,3.628885586264387064e-01,3.845922837314502685e-01,4.062960088364622191e-01,4.279997339414738367e-01,4.497034590464853987e-01,4.714071841514973493e-01,4.931109092565089114e-01,5.120791020357635670e-01,5.252342886227838736e-01,5.383894752098046244e-01,5.515446617968253751e-01,5.646998483838456817e-01,5.778550349708664324e-01,5.910102215578871832e-01,6.041654081449074898e-01,6.173205947319282405e-01,6.304757813189489912e-01,6.433904236554532918e-01,6.558381271527211620e-01,6.682858306499891432e-01,6.807335341472565693e-01,6.931812376445245505e-01,7.056289411417924207e-01,7.180766446390598468e-01,7.305243481363278280e-01,7.429720516335956981e-01,7.554197551308632352e-01,7.674456710901949030e-01,7.787217425376395941e-01,7.899978139850847292e-01,8.012738854325298643e-01,8.125499568799745553e-01,8.238260283274196905e-01,8.351020997748648256e-01,8.463781712223095166e-01,8.576542426697546517e-01,8.689303141171997868e-01,8.787061575811402347e-01,8.860342606509421515e-01,8.933623637207441792e-01,9.006904667905458739e-01,9.080185698603479016e-01,9.153466729301499294e-01,9.226747759999516241e-01,9.300028790697536518e-01,9.373309821395555685e-01,9.446590852093573742e-01,9.491107516570584934e-01,9.492477631716084163e-01,9.493847746861583392e-01,9.495217862007082621e-01,9.496587977152581850e-01,9.497958092298079968e-01,9.499328207443579197e-01,9.500698322589078426e-01,9.502068437734577655e-01,9.503438552880076884e-01,9.515469188149754398e-01,9.542221494067103515e-01,9.568973799984454853e-01,9.595726105901806191e-01,9.622478411819155308e-01,9.649230717736506646e-01,9.675983023653856874e-01,9.702735329571207101e-01,9.729487635488558439e-01,9.756239941405908667e-01,9.780615495803344217e-01,9.801966093720890782e-01,9.823316691638436238e-01,9.844667289555980583e-01,9.866017887473527148e-01,9.887368485391072603e-01,9.908719083308618059e-01,9.930069681226163514e-01,9.951420279143708969e-01,9.972770877061254424e-01,9.985023838015797404e-01,9.986596964274642163e-01,9.988170090533486922e-01,9.989743216792331681e-01,9.991316343051176441e-01,9.992889469310021200e-01,9.994462595568865959e-01,9.996035721827710718e-01,9.997608848086555478e-01,9.999181974345400237e-01,9.996912865555483974e-01,9.990481335462741974e-01,9.984049805370001085e-01,9.977618275277259086e-01,9.971186745184517086e-01,9.964755215091776197e-01,9.958323684999034198e-01,9.951892154906293309e-01,9.945460624813551309e-01,9.939029094720809310e-01,9.913523599416399490e-01,9.868944138900320739e-01,9.824364678384243099e-01,9.779785217868163238e-01,9.735205757352084488e-01,9.690626296836006848e-01,9.646046836319928097e-01,9.601467375803848237e-01,9.556887915287771706e-01,9.512308454771691846e-01,9.462235894267152503e-01,9.407092779927113124e-01,9.351949665587071525e-01,9.296806551247028816e-01,9.241663436906989437e-01,9.186520322566947838e-01,9.131377208226906239e-01,9.076234093886866861e-01,9.021090979546825261e-01,8.965947865206783662e-01,8.911465268277330987e-01,8.857545334327266984e-01,8.803625400377201871e-01,8.749705466427138978e-01,8.695785532477074975e-01,8.641865598527009862e-01,8.587945664576948079e-01,8.534025730626882966e-01,8.480105796676817853e-01,8.426185862726756071e-01,8.250888346274234397e-01,7.980222729284072170e-01,7.709557112293918824e-01,7.438891495303756596e-01,7.168225878313603250e-01,6.897560261323441022e-01,6.626894644333277684e-01,6.356229027343125448e-01,6.085563410352962110e-01,5.814897793362798772e-01,5.567361996698714233e-01,5.336575380270738300e-01,5.105788763842762368e-01,4.875002147414794762e-01,4.644215530986818830e-01,4.413428914558842897e-01,4.182642298130875291e-01,3.951855681702899359e-01,3.721069065274923426e-01,3.490282448846955821e-01,3.351236921194093998e-01,3.273352119391308435e-01,3.195467317588525646e-01,3.117582515785740083e-01,3.039697713982954519e-01,2.961812912180171731e-01,2.883928110377386167e-01,2.806043308574600048e-01,2.728158506771817260e-01,2.650273704969031696e-01,2.457869861268331124e-01,2.195276927372147302e-01,1.932683993475954320e-01,1.670091059579761339e-01,1.407498125683577794e-01,1.144905191787384813e-01,8.823122578911918312e-02,6.197193239950080090e-02,3.571263900988150275e-02,9.453345620262176840e-03,0.000000000000000000e+00,0.000000000000000000e+00,0.000000000000000000e+00,0.000000000000000000e+00,0.000000000000000000e+00,0.000000000000000000e+00,0.000000000000000000e+00,0.000000000000000000e+00,0.000000000000000000e+00,0.000000000000000000e+00,-1.387988246710522566e-02,-3.491000741726443118e-02,-5.594013236742363671e-02,-7.697025731758135036e-02,-9.800038226774056282e-02,-1.190305072178997753e-01,-1.400606321680589739e-01,-1.610907571182181863e-01,-1.821208820683773988e-01,-2.031510070185351124e-01,-2.217516815196637625e-01,-2.392090852212485630e-01,-2.566664889228333912e-01,-2.741238926244181640e-01,-2.915812963260029922e-01,-3.090387000275865437e-01,-3.264961037291713719e-01,-3.439535074307561446e-01,-3.614109111323409729e-01,-3.788683148339258011e-01,-3.884532139218094260e-01,-3.946641824609641858e-01,-4.008751510001193341e-01,-4.070861195392744825e-01,-4.132970880784296308e-01,-4.195080566175848347e-01,-4.257190251567399830e-01,-4.319299936958946873e-01,-4.381409622350498356e-01,-4.443519307742050395e-01,-4.415824109296093147e-01,-4.353204789357773552e-01,-4.290585469419458953e-01,-4.227966149481139357e-01,-4.165346829542820317e-01,-4.102727509604500722e-01,-4.040108189666181682e-01,-3.977488869727862086e-01,-3.914869549789547487e-01,-3.852250229851227892e-01,-3.944030260547884970e-01,-4.090058711737913910e-01,-4.236087162927942296e-01,-4.382115614117971236e-01,-4.528144065307989630e-01,-4.674172516498018570e-01,-4.820200967688046956e-01,-4.966229418878075896e-01,-5.112257870068104282e-01,-5.258286321258133222e-01,-5.312650614238974001e-01,-5.338068330943238626e-01,-5.363486047647503252e-01,-5.388903764351767878e-01,-5.414321481056032503e-01,-5.439739197760297129e-01,-5.465156914464559534e-01,-5.490574631168824160e-01,-5.515992347873088786e-01,-5.541410064577353412e-01,-5.560073251066085520e-01,-5.576831313647873101e-01,-5.593589376229659571e-01,-5.610347438811447152e-01,-5.627105501393234732e-01,-5.643863563975022313e-01,-5.660621626556809893e-01,-5.677379689138597474e-01,-5.694137751720383944e-01,-5.710895814302170415e-01,-5.923403771528353845e-01,-6.184849202415636515e-01,-6.446294633302918076e-01,-6.707740064190199636e-01,-6.969185495077463433e-01,-7.230630925964744993e-01,-7.492076356852027663e-01,-7.753521787739309223e-01,-8.014967218626591894e-01,-8.276412649513873454e-01,-8.374250997518841722e-01,-8.436175595622831258e-01,-8.498100193726821905e-01,-8.560024791830811441e-01,-8.621949389934802088e-01,-8.683873988038787184e-01,-8.745798586142776720e-01,-8.807723184246767367e-01,-8.869647782350756904e-01,-8.931572380454746440e-01,-8.963831963406504455e-01,-8.990441067281645937e-01,-9.017050171156789640e-01,-9.043659275031933342e-01,-9.070268378907077045e-01,-9.096877482782220747e-01,-9.123486586657364450e-01,-9.150095690532505932e-01,-9.176704794407649635e-01,-9.203313898282793337e-01,-9.202866968940776049e-01,-9.198015569075036479e-01,-9.193164169209295800e-01,-9.188312769343556230e-01,-9.183461369477815550e-01,-9.178609969612074870e-01,-9.173758569746335301e-01,-9.168907169880594621e-01,-9.164055770014853941e-01,-9.159204370149114371e-01,-9.176465104260177474e-01,-9.196741129368077861e-01,-9.217017154475978247e-01,-9.237293179583878633e-01,-9.257569204691779019e-01,-9.277845229799678295e-01,-9.298121254907578681e-01,-9.318397280015480177e-01,-9.338673305123380564e-01,-9.358949330231280950e-01,-9.404397826894317358e-01,-9.452643264841252835e-01,-9.500888702788191642e-01,-9.549134140735131560e-01,-9.597379578682070367e-01,-9.645625016629010284e-01,-9.693870454575949092e-01,-9.742115892522884568e-01,-9.790361330469824486e-01,-9.838606768416763293e-01,-9.848334399549367735e-01,-9.854712656176378704e-01,-9.861090912803389674e-01,-9.867469169430400644e-01,-9.873847426057411614e-01,-9.880225682684421473e-01,-9.886603939311432443e-01,-9.892982195938443413e-01,-9.899360452565454382e-01,-9.905738709192465352e-01,-9.909000157050373847e-01,-9.912062659667700837e-01,-9.915125162285027827e-01,-9.918187664902354816e-01,-9.921250167519681806e-01,-9.924312670137008796e-01,-9.927375172754335786e-01,-9.930437675371662776e-01,-9.933500177988989766e-01,-9.936562680606316755e-01,-9.929898271684871602e-01,-9.922828574782645017e-01,-9.915758877880417321e-01,-9.908689180978189626e-01,-9.901619484075963040e-01,-9.894549787173735345e-01,-9.887480090271508759e-01,-9.880410393369281064e-01,-9.873340696467054478e-01,-9.866270999564826782e-01,-7.945483304554666892e-01,-5.985640140195408465e-01,-4.025796975836288816e-01,-2.065953811477030388e-01,-1.061106471177719612e-02,1.853732517241485356e-01,3.813575681600743783e-01,5.773418845960004431e-01,7.733262010319122970e-01,9.693105174678380287e-01,1.400000000000000133e+00
-1.000000000000000000e+00,-1.000000000000000000e+00,-1.000000000000000000e+00,-1.000000000000000000e+00,-1.000000000000000000e+00,-1.000000000000000000e+00,-1.000000000000000000e+00,-1.000000000000000000e+00,-1.000000000000000000e+00,-1.000000000000000000e+00,-1.000000000000000000e+00,-1.000000000000000000e+00,-1.000000000000000000e+00,-1.000000000000000000e+00,-1.000000000000000000e+00,-1.000000000000000000e+00,-1.000000000000000000e+00,-1.000000000000000000e+00,-1.000000000000000000e+00,-1.000000000000000000e+00,-1.000000000000000000e+00,-1.000000000000000000e+00,-1.000000000000000000e+00,-1.000000000000000000e+00,-1.000000000000000000e+00,-1.000000000000000000e+00,-1.000000000000000000e+00,-1.000000000000000000e+00,-1.000000000000000000e+00,-1.000000000000000000e+00,-1.000000000000000000e+00,-1.000000000000000000e+00,-1.000000000000000000e+00,-1.000000000000000000e+00,-1.000000000000000000e+00,-1.000000000000000000e+00,-1.000000000000000000e+00,-1.000000000000000000e+00,-1.000000000000000000e+00,-1.000000000000000000e+00,-9.983426833667158329e-01,-9.941662454508395363e-01,-9.899898075349633508e-01,-9.858133696190871653e-01,-9.816369317032108688e-01,-9.774604937873346833e-01,-9.732840558714584978e-01,-9.691076179555823122e-01,-9.637777178777912068e-01,-9.571790094218936007e-01,-9.505803009659961056e-01,-9.439815925100984995e-01,-9.373828840542010044e-01,-9.307841755983033982e-01,-9.241854671424059031e-01,-9.175867586865082970e-01,-9.117031966132342902e-01,-9.063917516460592294e-01,-9.010803066788840576e-01,-8.957688617117089969e-01,-8.904574167445338251e-01,-8.851459717773587643e-01,-8.798345268101837036e-01,-8.745230818430085318e-01,-8.644177993592263576e-01,-8.515560603033951459e-01,-8.386943212475640452e-01,-8.258325821917327225e-01,-8.129708431359013998e-01,-8.001091040800700771e-01,-7.872473650242389764e-01,-7.743856259684077648e-01,-7.538725315214757083e-01,-7.302988949181031808e-01,-7.067252583147310974e-01,-6.831516217113586809e-01,-6.595779851079861533e-01,-6.360043485046137368e-01,-6.124307119012415423e-01,-5.888570752978691258e-01,-5.812459475958913213e-01,-5.777850722082763513e-01,-5.743241968206613812e-01,-5.708633214330463002e-01,-5.674024460454313301e-01,-5.639415706578163601e-01,-5.604806952702012790e-01,-5.570198198825863090e-01,-5.473542914836720952e-01,-5.367862681012963710e-01,-5.262182447189204249e-01,-5.156502213365444787e-01,-5.050821979541685325e-01,-4.945141745717928083e-01,-4.839461511894168622e-01,-4.733781278070409160e-01,-4.487505096399284077e-01,-4.234199117335785689e-01,-3.980893138272287302e-01,-3.727587159208788914e-01,-3.474281180145294412e-01,-3.220975201081796024e-01,-2.967669222018297637e-01,-2.713985883736925731e-01,-2.448793089310421500e-01,-2.183600294883913939e-01,-1.918407500457406101e-01,-1.653214706030898262e-01,-1.388021911604394310e-01,-1.122829117177886471e-01,-8.576363227513786325e-02,-6.131852144912863095e-02,-5.346675955625249110e-02,-4.561499766337624023e-02,-3.776323577049998936e-02,-2.991147387762384952e-02,-2.205971198474759865e-02,-1.420795009187134084e-02,-6.356188198995089966e-03,0.000000000000000000e+00,0.000000000000000000e+00,0.000000000000000000e+00,0.000000000000000000e+00,0.000000000000000000e+00,0.000000000000000000e+00,0.000000000000000000e+00,0.000000000000000000e+00,6.663230654744911954e-03,3.135637955174071928e-02,5.604952844873652834e-02,8.074267734573303823e-02,1.054358262427288473e-01,1.301289751397246564e-01,1.548221240367211593e-01,1.795152729337169684e-01,2.020557758468525533e-01,2.205845294264284495e-01,2.391132830060043457e-01,2.576420365855807693e-01,2.761707901651566655e-01,2.946995437447326172e-01,3.132282973243090130e-01,3.317570509038849647e-01,3.480191676192867511e-01,3.612591018491219663e-01,3.744990360789571815e-01,3.877389703087927852e-01,4.009789045386280004e-01,4.142188387684632156e-01,4.274587729982988193e-01,4.406987072281339790e-01,4.570633731168824432e-01,4.764551228002038008e-01,4.958468724835246588e-01,5.152386221668460164e-01,5.346303718501669300e-01,5.540221215334877325e-01,5.734138712168090901e-01,5.928056209001300036e-01,6.102983857934669576e-01,6.264567289424913810e-01,6.426150720915154713e-01,6.587734152405394505e-01,6.749317583895638739e-01,6.910901015385878532e-01,7.072484446876122766e-01,7.234067878366362558e-01,7.338396990179361090e-01,7.414098942153739547e-01,7.489800894128115782e-01,7.565502846102492018e-01,7.641204798076870475e-01,7.716906750051246711e-01,7.792608702025625167e-01,7.868310654000001403e-01,7.933072194231499674e-01,7.994109338976062018e-01,8.055146483720623252e-01,8.116183628465183375e-01,8.177220773209745719e-01,8.238257917954306953e-01,8.299295062698867076e-01,8.360332207443430530e-01,8.419975679953527470e-01,8.479324337183259397e-01,8.538672994412989103e-01,8.598021651642718810e-01,8.657370308872450737e-01,8.716718966102180444e-01,8.776067623331910150e-01,8.835416280561642077e-01,8.930207026777237100e-01,9.028728519201869585e-01,9.127250011626506510e-01,9.225771504051138994e-01,9.324292996475775919e-01,9.422814488900408403e-01,9.521335981325041997e-01,9.619857473749677812e-01,9.663356511328067278e-01,9.705968089957324185e-01,9.748579668586581093e-01,9.791191247215836890e-01,9.833802825845094908e-01,9.876414404474350706e-01,9.919025983103606503e-01,9.959261266563395054e-01,9.964446196273508694e-01,9.969631125983621223e-01,9.974816055693734862e-01,9.980000985403848501e-01,9.985185915113962141e-01,9.990370844824074670e-01,9.995555774534188309e-01,1.000000000000000000e+00,1.000000000000000000e+00,1.000000000000000000e+00,1.000000000000000000e+00,1.000000000000000000e+00,1.000000000000000000e+00,1.000000000000000000e+00,1.000000000000000000e+00,9.994050448539557596e-01,9.967277466967566779e-01,9.940504485395575962e-01,9.913731503823584035e-01,9.886958522251593218e-01,9.860185540679602401e-01,9.833412559107610473e-01,9.806639577535618546e-01,9.766092544059343794e-01,9.693647706173140755e-01,9.621202868286939935e-01,9.548758030400736896e-01,9.476313192514534967e-01,9.403868354628334147e-01,9.331423516742131108e-01,9.258978678855930289e-01,9.204137998671507725e-01,9.177904074752479824e-01,9.151670150833451922e-01,9.125436226914424021e-01,9.099202302995395009e-01,9.072968379076367107e-01,9.046734455157338095e-01,9.020500531238310193e-01,8.980499769021864642e-01,8.924358575698096985e-01,8.868217382374330438e-01,8.812076189050565000e-01,8.755934995726797343e-01,8.699793802403030796e-01,8.643652609079263138e-01,8.587511415755497701e-01,8.518068731114605274e-01,8.437280656820875802e-01,8.356492582527141888e-01,8.275704508233406864e-01,8.194916433939677392e-01,8.114128359645943478e-01,8.033340285352208454e-01,7.952552211058478981e-01,7.855287602189311436e-01,7.747883587427567553e-01,7.640479572665829222e-01,7.533075557904084230e-01,7.425671543142340347e-01,7.318267528380596465e-01,7.210863513618858134e-01,7.103459498857113141e-01,7.113544024981739433e-01,7.174362239216388604e-01,7.235180453451041105e-01,7.295998667685694716e-01,7.356816881920343887e-01,7.417635096154996388e-01,7.478453310389649999e-01,7.539271524624299170e-01,7.505483627827275184e-01,7.444665413592621572e-01,7.383847199357972402e-01,7.323028985123319901e-01,7.262210770888667399e-01,7.201392556654017119e-01,7.140574342419364617e-01,7.079756128184712116e-01,6.905751010848637517e-01,6.712881409662334597e-01,6.520011808476020576e-01,6.327142207289706555e-01,6.134272606103403636e-01,5.941403004917089614e-01,5.748533403730775593e-01,5.555663802544471563e-01,5.462479585147627104e-01,5.376053698855158824e-01,5.289627812562693876e-01,5.203201926270225597e-01,5.116776039977756207e-01,5.030350153685292369e-01,4.943924267392824090e-01,4.853584175886246910e-01,4.520563361104714684e-01,4.187542546323164139e-01,3.854521731541613594e-01,3.521500916760081923e-01,3.188480101978531378e-01,2.855459287196980833e-01,2.522438472415430288e-01,2.219588663068713386e-01,2.203363405352875004e-01,2.187138147637036345e-01,2.170912889921198796e-01,2.154687632205360415e-01,2.138462374489522033e-01,2.122237116773684484e-01,2.106011859057846103e-01,2.046489692244088665e-01,1.782291227876522388e-01,1.518092763508941123e-01,1.253894299141359858e-01,9.896958347737937201e-02,7.254973704062125939e-02,4.612989060386313289e-02,1.971004416710650520e-02,2.425377135768965343e-03,1.197529960786101327e-02,2.152522207995306164e-02,3.107514455204457224e-02,4.062506702413661713e-02,5.017498949622866550e-02,5.972491196832017957e-02,6.927483444041222793e-02,7.245814193110992896e-02,6.290821945901842183e-02,5.335829698692637346e-02,4.380837451483432510e-02,3.425845204274281797e-02,2.470852957065076960e-02,1.515860709855872124e-02,5.608684626467214107e-03,0.000000000000000000e+00,0.000000000000000000e+00,0.000000000000000000e+00,0.000000000000000000e+00,0.000000000000000000e+00,0.000000000000000000e+00,0.000000000000000000e+00,0.000000000000000000e+00,-2.969452900457689778e-03,-9.004147504613540728e-03,-1.503884210876973299e-02,-2.107353671292592351e-02,-2.710823131708177403e-02,-3.314292592123796455e-02,-3.917762052539415507e-02,-4.521231512955000559e-02,-6.716424310801148712e-02,-1.010540961172042701e-01,-1.349439491263951518e-01,-1.688338021355879626e-01,-2.027236551447807456e-01,-2.366135081539716134e-01,-2.705033611631644241e-01,-3.043932141723572071e-01,-3.349841929889852410e-01,-3.638050441900888554e-01,-3.926258953911940797e-01,-4.214467465922993594e-01,-4.502675977934029738e-01,-4.790884489945082536e-01,-5.079093001956135334e-01,-5.367301513967170923e-01,-5.507604064052238346e-01,-5.593245715164643084e-01,-5.678887366277044491e-01,-5.764529017389449228e-01,-5.850170668501855076e-01,-5.935812319614255372e-01,-6.021453970726661220e-01,-6.107095621839067068e-01,-6.222284806334847929e-01,-6.344426351626727412e-01,-6.466567896918606895e-01,-6.588709442210478606e-01,-6.710850987502358089e-01,-6.832992532794237572e-01,-6.955134078086117055e-01,-7.077275623377988767e-01,-7.089852760763919459e-01,-7.088734347161598226e-01,-7.087615933559276993e-01,-7.086497519956956870e-01,-7.085379106354635637e-01,-7.084260692752315514e-01,-7.083142279149994280e-01,-7.082023865547673047e-01,-7.120059628330838164e-01,-7.159379134602055217e-01,-7.198698640873271160e-01,-7.238018147144485992e-01,-7.277337653415701935e-01,-7.316657159686918988e-01,-7.355976665958132710e-01,-7.399045231337685324e-01,-7.517094978884047984e-01,-7.635144726430410644e-01,-7.753194473976765533e-01,-7.871244221523128193e-01,-7.989293969069489743e-01,-8.107343716615845741e-01,-8.225393464162207291e-01,-8.327752127646050884e-01,-8.322234588200054795e-01,-8.316717048754057595e-01,-8.311199509308060396e-01,-8.305681969862064307e-01,-8.300164430416067107e-01,-8.294646890970071018e-01,-8.289129351524073819e-01,-8.284718032461226844e-01,-8.284561407179722448e-01,-8.284404781898219161e-01,-8.284248156616714764e-01,-8.284091531335210368e-01,-8.283934906053707081e-01,-8.283778280772202685e-01,-8.283621655490699398e-01,-8.320723722435222625e-01,-8.450972519944816019e-01,-8.581221317454417186e-01,-8.711470114964018352e-01,-8.841718912473611747e-01,-8.971967709983212913e-01,-9.102216507492814079e-01,-9.232465305002407474e-01,-9.269933514907420236e-01,-9.146044181152241936e-01,-9.022154847397070299e-01,-8.898265513641891999e-01,-8.774376179886713700e-01,-8.650486846131542062e-01,-8.526597512376363763e-01,-8.402708178621185464e-01,-8.371752196574405724e-01,-8.456962904163130013e-01,-8.542173611751858742e-01,-8.627384319340587471e-01,-8.712595026929311759e-01,-8.797805734518040488e-01,-8.883016442106769217e-01,-8.968227149695493505e-01,-9.040611465739567532e-01,-9.101335425833954051e-01,-9.162059385928336130e-01,-9.222783346022722650e-01,-9.283507306117109170e-01,-9.344231266211491249e-01,-9.404955226305877769e-01,-9.465679186400264289e-01,-9.465580803753220751e-01,-9.425467721934177590e-01,-9.385354640115133318e-01,-9.345241558296089046e-01,-9.305128476477048105e-01,-9.265015394658003833e-01,-9.224902312838959562e-01,-9.184789231019918621e-01,-9.114240724112978587e-01,-9.029536205537247451e-01,-8.944831686961520756e-01,-8.860127168385788510e-01,-8.775422649810057374e-01,-8.690718131234330679e-01,-8.606013612658598433e-01,-8.521309094082867297e-01,-8.617206638439149913e-01,-8.769542327461706810e-01,-8.921878016484263707e-01,-9.074213705506811722e-01,-9.226549394529368620e-01,-9.378885083551925517e-01,-9.531220772574473532e-01,-9.683556461597030429e-01,-9.628232335818716070e-01,-9.533727112908146895e-01,-9.439221889997582160e-01,-9.344716667087011874e-01,-9.250211444176441589e-01,-9.155706221265876854e-01,-9.061200998355307679e-01,-8.966695775444737393e-01,-8.724091786841718932e-01,-8.468720663265193460e-01,-8.213349539688667988e-01,-7.957978416112158060e-01,-7.702607292535632588e-01,-7.447236168959107117e-01,-7.191865045382596078e-01,-6.936493921806056173e-01,1.000000000000000000e+00
-1.000000000000000000e+00,-1.000000000000000000e+00,-1.000000000000000000e+00,-1.000000000000000000e+00,-1.000000000000000000e+00,-1.000000000000000000e+00,-1.000000000000000000e+00,-1.000000000000000000e+00,-1.000000000000000000e+00,-1.000000000000000000e+00,-1.000000000000000000e+00,-1.000000000000000000e+00,-1.000000000000000000e+00,-1.000000000000000000e+00,-1.000000000000000000e+00,-1.000000000000000000e+00,-1.000000000000000000e+00,-1.000000000000000000e+00,-1.000000000000000000e+00,-1.000000000000000000e+00,-1.000000000000000000e+00,-1.000000000000000000e+00,-1.000000000000000000e+00,-1.000000000000000000e+00,-1.000000000000000000e+00,-1.000000000000000000e+00,-1.000000000000000000e+00,-1.000000000000000000e+00,-9.940815377589142798e-01,-9.865114116365952812e-01,-9.789412855142762826e-01,-9.713711593919572840e-01,-9.638010332696382854e-01,-9.562309071473192867e-01,-9.486607810250002881e-01,-9.410906549026811785e-01,-9.335205287803622909e-01,-9.201860614079826473e-01,-9.044867360868600326e-01,-8.887874107657374179e-01,-8.730880854446150252e-01,-8.573887601234925215e-01,-8.416894348023699068e-01,-8.259901094812472921e-01,-8.102907841601248995e-01,-7.945914588390023958e-01,-7.754231508281183016e-01,-7.542725669945132827e-01,-7.331219831609083748e-01,-7.119713993273035779e-01,-6.908208154936985590e-01,-6.696702316600935401e-01,-6.485196478264886322e-01,-6.273690639928838353e-01,-6.062184801592788164e-01,-5.850017772089370904e-01,-5.637338852649931287e-01,-5.424659933210491669e-01,-5.211981013771049831e-01,-4.999302094331607438e-01,-4.786623174892167265e-01,-4.573944255452727647e-01,-4.361265336013285809e-01,-4.148586416573843971e-01,-3.991910689433189607e-01,-3.893312346898684662e-01,-3.794714004364178050e-01,-3.696115661829671994e-01,-3.597517319295166494e-01,-3.498918976760660993e-01,-3.400320634226154937e-01,-3.301722291691648881e-01,-3.203123949157142825e-01,-3.051538333362355804e-01,-2.826231293901088071e-01,-2.600924254439817007e-01,-2.375617214978549829e-01,-2.150310175517282651e-01,-1.925003136056011588e-01,-1.699696096594744132e-01,-1.474389057133476677e-01,-1.249082017672209222e-01,-1.059663312977067173e-01,-9.382435583651102529e-02,-8.168238037531552753e-02,-6.954040491412002978e-02,-5.739842945292432386e-02,-4.525645399172882610e-02,-3.311447853053332835e-02,-2.097250306933783059e-02,-8.830527608142318963e-03,0.000000000000000000e+00,0.000000000000000000e+00,0.000000000000000000e+00,0.000000000000000000e+00,0.000000000000000000e+00,0.000000000000000000e+00,0.000000000000000000e+00,0.000000000000000000e+00,0.000000000000000000e+00,3.865110876844525967e-03,2.319066526106715320e-02,4.251621964529009312e-02,6.184177402951272079e-02,8.116732841373534846e-02,1.004928827979579831e-01,1.198184371821806177e-01,1.391439915664035576e-01,1.584695459506261783e-01,1.776425566095595765e-01,1.957695531522243015e-01,2.138965496948886935e-01,2.320235462375531132e-01,2.501505427802175330e-01,2.682775393228819527e-01,2.864045358655466500e-01,3.045315324082110697e-01,3.226585289508754339e-01,3.402645380331579261e-01,3.488400978021492516e-01,3.574156575711405770e-01,3.659912173401319024e-01,3.745667771091232279e-01,3.831423368781146643e-01,3.917178966471059898e-01,4.002934564160973152e-01,4.088690161850887517e-01,4.174445759540800771e-01,4.477890142282384134e-01,4.785365798821219485e-01,5.092841455360055392e-01,5.400317111898895739e-01,5.707792768437731645e-01,6.015268424976567552e-01,6.322744081515407899e-01,6.630219738054243805e-01,6.937695394593079712e-01,7.079942517468306162e-01,7.205666786977171778e-01,7.331391056486038504e-01,7.457115325994904120e-01,7.582839595503769736e-01,7.708563865012636462e-01,7.834288134521502078e-01,7.960012404030367694e-01,8.085736673539232200e-01,8.173059532326583110e-01,8.252869071624943098e-01,8.332678610923299756e-01,8.412488150221659744e-01,8.492297689520019732e-01,8.572107228818376390e-01,8.651916768116736378e-01,8.731726307415096366e-01,8.811535846713453024e-01,8.875185590452669970e-01,8.933833492709294388e-01,8.992481394965917696e-01,9.051129297222542114e-01,9.109777199479165422e-01,9.168425101735789839e-01,9.227073003992414257e-01,9.285720906249037565e-01,9.344368808505661983e-01,9.370640821900624307e-01,9.382428885015371423e-01,9.394216948130118539e-01,9.406005011244864544e-01,9.417793074359611660e-01,9.429581137474358776e-01,9.441369200589104782e-01,9.453157263703851898e-01,9.464945326818599014e-01,9.487285788809352027e-01,9.516143908929405315e-01,9.545002029049457493e-01,9.573860149169510780e-01,9.602718269289562958e-01,9.631576389409615135e-01,9.660434509529668423e-01,9.689292629649720601e-01,9.718150749769773888e-01,9.746021505432604926e-01,9.773069457381083902e-01,9.800117409329563989e-01,9.827165361278042965e-01,9.854213313226521942e-01,9.881261265175002029e-01,9.908309217123481005e-01,9.935357169071959982e-01,9.962405121020440069e-01,9.977882527973184201e-01,9.980454327046069940e-01,9.983026126118955679e-01,9.985597925191840307e-01,9.988169724264726046e-01,9.990741523337611785e-01,9.993313322410497523e-01,9.995885121483383262e-01,9.998456920556269001e-01,1.000000000000000000e+00,1.000000000000000000e+00,1.000000000000000000e+00,1.000000000000000000e+00,1.000000000000000000e+00,1.000000000000000000e+00,1.000000000000000000e+00,1.000000000000000000e+00,1.000000000000000000e+00,9.990265605298829232e-01,9.960521621489696331e-01,9.930777637680563430e-01,9.901033653871430529e-01,9.871289670062297628e-01,9.841545686253164726e-01,9.811801702444031825e-01,9.782057718634898924e-01,9.752313734825766023e-01,9.716560038048763781e-01,9.663206467580144343e-01,9.609852897111523795e-01,9.556499326642905467e-01,9.503145756174284919e-01,9.449792185705666592e-01,9.396438615237047154e-01,9.343085044768426606e-01,9.289731474299808278e-01,9.229570208540843756e-01,9.138774313975333019e-01,9.047978419409820061e-01,8.957182524844307103e-01,8.866386630278796366e-01,8.775590735713283408e-01,8.684794841147769340e-01,8.593998946582259713e-01,8.503203052016745644e-01,8.425555061873114537e-01,8.455281624508167448e-01,8.485008187143221470e-01,8.514734749778274381e-01,8.544461312413328402e-01,8.574187875048382423e-01,8.603914437683436445e-01,8.633641000318490466e-01,8.663367562953543377e-01,8.689792529633313389e-01,8.628725203498039953e-01,8.567657877362769847e-01,8.506590551227497521e-01,8.445523225092224084e-01,8.384455898956953979e-01,8.323388572821680542e-01,8.262321246686408216e-01,8.201253920551138110e-01,8.140186594415864674e-01,8.072827406094208458e-01,8.005230789010799874e-01,7.937634171927391291e-01,7.870037554843984928e-01,7.802440937760576345e-01,7.734844320677169982e-01,7.667247703593761399e-01,7.599651086510352815e-01,7.532054469426946453e-01,7.329819622343327623e-01,7.111098461382130420e-01,6.892377300420939878e-01,6.673656139459741565e-01,6.454934978498544362e-01,6.236213817537353821e-01,6.017492656576155508e-01,5.798771495614964966e-01,5.580050334653767763e-01,5.443453405823086566e-01,5.325106306354746577e-01,5.206759206886402147e-01,5.088412107418062158e-01,4.970065007949718283e-01,4.851717908481374408e-01,4.733370809013034419e-01,4.615023709544690544e-01,4.496676610076346670e-01,4.352258007572769594e-01,4.198936940618130942e-01,4.045615873663492290e-01,3.892294806708858634e-01,3.738973739754219983e-01,3.585652672799586327e-01,3.432331605844948230e-01,3.279010538890309578e-01,3.125689471935675923e-01,2.977409204081133964e-01,2.831581216869887285e-01,2.685753229658631724e-01,2.539925242447385045e-01,2.394097255236138089e-01,2.248269268024891410e-01,2.102441280813635571e-01,1.956613293602388892e-01,1.810785306391141936e-01,1.636560352629442550e-01,1.443404087834125882e-01,1.250247823038808936e-01,1.057091558243479501e-01,8.639352934481625557e-02,6.707790286528456103e-02,4.776227638575164525e-02,2.844664990621995071e-02,9.131023426688256173e-03,0.000000000000000000e+00,0.000000000000000000e+00,0.000000000000000000e+00,0.000000000000000000e+00,0.000000000000000000e+00,0.000000000000000000e+00,0.000000000000000000e+00,0.000000000000000000e+00,0.000000000000000000e+00,0.000000000000000000e+00,0.000000000000000000e+00,0.000000000000000000e+00,0.000000000000000000e+00,0.000000000000000000e+00,0.000000000000000000e+00,0.000000000000000000e+00,0.000000000000000000e+00,0.000000000000000000e+00,-5.451844826964662508e-03,-1.973048604044380649e-02,-3.400912725392386815e-02,-4.828776846740300693e-02,-6.256640968088214572e-02,-7.684505089436222125e-02,-9.112369210784135309e-02,-1.054023333213204988e-01,-1.196809745348005605e-01,-1.384716815578587168e-01,-1.673481827435051028e-01,-1.962246839291533484e-01,-2.251011851147997067e-01,-2.539776863004460927e-01,-2.828541874860943661e-01,-3.117306886717406966e-01,-3.406071898573871382e-01,-3.694836910430353560e-01,-3.905142193260393579e-01,-3.861962197697392241e-01,-3.818782202134390902e-01,-3.775602206571386787e-01,-3.732422211008386004e-01,-3.689242215445384665e-01,-3.646062219882380551e-01,-3.602882224319379212e-01,-3.559702228756378428e-01,-3.534406482467406518e-01,-3.600519121356808849e-01,-3.666631760246211735e-01,-3.732744399135618507e-01,-3.798857038025020838e-01,-3.864969676914423724e-01,-3.931082315803826055e-01,-3.997194954693232827e-01,-4.063307593582635713e-01,-4.129182059245934400e-01,-4.192674792648201088e-01,-4.256167526050463890e-01,-4.319660259452726692e-01,-4.383152992854993379e-01,-4.446645726257256181e-01,-4.510138459659518984e-01,-4.573631193061785671e-01,-4.637123926464048473e-01,-4.700455572020086903e-01,-4.755088473880009214e-01,-4.809721375739928195e-01,-4.864354277599847176e-01,-4.918987179459769488e-01,-4.973620081319688468e-01,-5.028252983179607449e-01,-5.082885885039525320e-01,-5.137518786899448742e-01,-5.192151688759366612e-01,-5.164471695352287339e-01,-5.132042881064415862e-01,-5.099614066776547716e-01,-5.067185252488678460e-01,-5.034756438200806983e-01,-5.002327623912938837e-01,-4.969898809625069580e-01,-4.937469995337198658e-01,-4.905041181049329957e-01,-4.929215388063923342e-01,-4.961644202351792043e-01,-4.994073016639662965e-01,-5.026501830927532222e-01,-5.058930645215400368e-01,-5.091359459503271845e-01,-5.123788273791141101e-01,-5.156217088079009248e-01,-5.188645902366880724e-01,-5.218326054203054065e-01,-5.247319040426304815e-01,-5.276312026649556675e-01,-5.305305012872806314e-01,-5.334297999096057064e-01,-5.363290985319308923e-01,-5.392283971542558563e-01,-5.421276957765808202e-01,-5.450269943989061172e-01,-5.550171436459824248e-01,-5.676663618773402087e-01,-5.803155801086979926e-01,-5.929647983400565536e-01,-6.056140165714143375e-01,-6.182632348027721214e-01,-6.309124530341306825e-01,-6.435616712654884664e-01,-6.562108894968461392e-01,-6.563643751765344536e-01,-6.499228908983968322e-01,-6.434814066202593219e-01,-6.370399223421212564e-01,-6.305984380639837461e-01,-6.241569537858461247e-01,-6.177154695077086144e-01,-6.112739852295705489e-01,-6.048325009514330386e-01,-6.124671942354477094e-01,-6.302191401422613248e-01,-6.479710860490738300e-01,-6.657230319558862242e-01,-6.834749778626998395e-01,-7.012269237695123447e-01,-7.189788696763248499e-01,-7.367308155831384653e-01,-7.544827614899508594e-01,-7.653821716205432280e-01,-7.696737793954947504e-01,-7.739653871704460508e-01,-7.782569949453972402e-01,-7.825486027203488737e-01,-7.868402104953000631e-01,-7.911318182702513635e-01,-7.954234260452026639e-01,-7.997150338201541864e-01,-8.041312569445824288e-01,-8.087084415620853228e-01,-8.132856261795883279e-01,-8.178628107970911110e-01,-8.224399954145940050e-01,-8.270171800320970101e-01,-8.315943646495999042e-01,-8.361715492671026873e-01,-8.407487338846058034e-01,-8.436614877321074735e-01,-8.436614877321074735e-01,-8.436614877321074735e-01,-8.436614877321074735e-01,-8.436614877321074735e-01,-8.436614877321074735e-01,-8.436614877321074735e-01,-8.436614877321074735e-01,-8.436614877321074735e-01,-8.466687214023095320e-01,-8.570060871436285810e-01,-8.673434528849475189e-01,-8.776808186262671230e-01,-8.880181843675861719e-01,-8.983555501089051099e-01,-9.086929158502247139e-01,-9.190302815915436518e-01,-9.293676473328627008e-01,-9.351941625688787729e-01,-9.248567968275598350e-01,-9.145194310862408971e-01,-9.041820653449218481e-01,-8.938446996036022441e-01,-8.835073338622833061e-01,-8.731699681209643682e-01,-8.628326023796446531e-01,-8.524952366383257152e-01,-8.444951179132432761e-01,-8.502263254085534738e-01,-8.559575329038632274e-01,-8.616887403991729810e-01,-8.674199478944830677e-01,-8.731511553897928213e-01,-8.788823628851025749e-01,-8.846135703804123285e-01,-8.903447778757224151e-01,-8.957408472524545084e-01,-8.968639056173203228e-01,-8.979869639821862481e-01,-8.991100223470521735e-01,-9.002330807119179878e-01,-9.013561390767840242e-01,-9.024791974416498386e-01,-9.036022558065156529e-01,-9.047253141713816893e-01,-9.058483725362475036e-01,1.000000000000000000e+00
-1.000000000000000000e+00,-1.000000000000000000e+00,-1.000000000000000000e+00,-1.000000000000000000e+00,-1.000000000000000000e+00,-1.000000000000000000e+00,-1.000000000000000000e+00,-1.000000000000000000e+00,-1.000000000000000000e+00,-9.993572828763107596e-01,-9.967405060155759555e-01,-9.941237291548411514e-01,-9.915069522941063473e-01,-9.888901754333715433e-01,-9.862733985726367392e-01,-9.836566217119020461e-01,-9.810398448511672420e-01,-9.784230679904324379e-01,-9.696938757202584469e-01,-9.546339674903080441e-01,-9.395740592603577523e-01,-9.245141510304074606e-01,-9.094542428004571688e-01,-8.943943345705067660e-01,-8.793344263405564742e-01,-8.642745181106061825e-01,-8.492146098806558907e-01,-8.407222858890659456e-01,-8.345755276968905845e-01,-8.284287695047152233e-01,-8.222820113125397512e-01,-8.161352531203643901e-01,-8.099884949281889179e-01,-8.038417367360135568e-01,-7.976949785438381957e-01,-7.915482203516627235e-01,-7.819760905589481226e-01,-7.723427934162239161e-01,-7.627094962734995987e-01,-7.530761991307753922e-01,-7.434429019880511857e-01,-7.338096048453269793e-01,-7.241763077026027728e-01,-7.145430105598785664e-01,-7.047698930786694405e-01,-6.945235375287424073e-01,-6.842771819788151522e-01,-6.740308264288881190e-01,-6.637844708789610859e-01,-6.535381153290339418e-01,-6.432917597791069086e-01,-6.330454042291797645e-01,-6.227990486792526204e-01,-6.155506906006243950e-01,-6.116334408234391784e-01,-6.077161910462540728e-01,-6.037989412690688562e-01,-5.998816914918837506e-01,-5.959644417146985340e-01,-5.920471919375134284e-01,-5.881299421603282118e-01,-5.842126923831431062e-01,-5.792294624268409242e-01,-5.738302402055175389e-01,-5.684310179841940425e-01,-5.630317957628706571e-01,-5.576325735415472717e-01,-5.522333513202238864e-01,-5.468341290989003900e-01,-5.414349068775770046e-01,-5.360356846562536193e-01,-5.341060426665846794e-01,-5.323025672307940548e-01,-5.304990917950034301e-01,-5.286956163592129165e-01,-5.268921409234222919e-01,-5.250886654876316673e-01,-5.232851900518411536e-01,-5.214817146160505290e-01,-5.156677401827467477e-01,-4.948143945087680184e-01,-4.739610488347892892e-01,-4.531077031608109484e-01,-4.322543574868321636e-01,-4.114010118128538229e-01,-3.905476661388750381e-01,-3.696943204648963643e-01,-3.488409747909179681e-01,-3.384006137886659271e-01,-3.403757345103957110e-01,-3.423508552321254950e-01,-3.443259759538552789e-01,-3.463010966755850628e-01,-3.482762173973148467e-01,-3.502513381190446307e-01,-3.522264588407744146e-01,-3.542015795625041985e-01,-3.458688761786082866e-01,-3.331553475498217343e-01,-3.204418189210349599e-01,-3.077282902922484076e-01,-2.950147616634616332e-01,-2.823012330346749144e-01,-2.695877044058883620e-01,-2.568741757771015877e-01,-2.441606471483148411e-01,-2.230237536338911530e-01,-2.014188954035984469e-01,-1.798140371733057408e-01,-1.582091789430133955e-01,-1.366043207127207171e-01,-1.149994624824283440e-01,-9.339460425213566563e-02,-7.178974602184295950e-02,-5.315605659705312930e-02,-4.694725490436450765e-02,-4.073845321167599010e-02,-3.452965151898736845e-02,-2.832084982629875028e-02,-2.211204813361022925e-02,-1.590324644092160761e-02,-9.694444748232992903e-03,-3.485643055544468405e-03,0.000000000000000000e+00,0.000000000000000000e+00,0.000000000000000000e+00,0.000000000000000000e+00,0.000000000000000000e+00,0.000000000000000000e+00,0.000000000000000000e+00,0.000000000000000000e+00,0.000000000000000000e+00,0.000000000000000000e+00,0.000000000000000000e+00,0.000000000000000000e+00,0.000000000000000000e+00,0.000000000000000000e+00,0.000000000000000000e+00,0.000000000000000000e+00,0.000000000000000000e+00,0.000000000000000000e+00,3.334154346985970796e-02,6.919942984310346878e-02,1.050573162163483537e-01,1.409152025895932248e-01,1.767730889628381097e-01,2.126309753360829946e-01,2.484888617093267693e-01,2.843467480825716542e-01,3.186899080794192707e-01,3.459138541071999362e-01,3.731378001349805462e-01,4.003617461627612117e-01,4.275856921905409891e-01,4.548096382183216546e-01,4.820335842461022646e-01,5.092575302738828746e-01,5.364814763016635402e-01,5.553301194806047336e-01,5.626627212423932489e-01,5.699953230041817642e-01,5.773279247659701685e-01,5.846605265277586838e-01,5.919931282895469771e-01,5.993257300513354924e-01,6.066583318131240077e-01,6.139909335749124120e-01,6.302708960257439319e-01,6.510245388210961215e-01,6.717781816164489772e-01,6.925318244118017219e-01,7.132854672071545776e-01,7.340391100025074334e-01,7.547927527978601780e-01,7.755463955932123676e-01,7.963000383885652234e-01,8.069116893558230252e-01,8.165481488011485656e-01,8.261846082464741059e-01,8.358210676917994242e-01,8.454575271371249645e-01,8.550939865824505048e-01,8.647304460277760452e-01,8.743669054731015855e-01,8.834474119094288813e-01,8.895628356310988361e-01,8.956782593527689018e-01,9.017936830744389676e-01,9.079091067961090333e-01,9.140245305177792101e-01,9.201399542394490538e-01,9.262553779611192306e-01,9.323708016827892964e-01,9.374235331582286834e-01,9.409053282696751008e-01,9.443871233811214072e-01,9.478689184925677136e-01,9.513507136040141310e-01,9.548325087154604374e-01,9.583143038269068548e-01,9.617960989383530501e-01,9.652778940497994675e-01,9.686305030471875632e-01,9.719132817126523438e-01,9.751960603781171244e-01,9.784788390435819050e-01,9.817616177090464635e-01,9.850443963745112441e-01,9.883271750399760247e-01,9.916099537054408053e-01,9.948927323709055859e-01,9.957249559777875403e-01,9.962688789895423058e-01,9.968128020012969603e-01,9.973567250130517259e-01,9.979006480248063804e-01,9.984445710365611459e-01,9.989884940483158005e-01,9.995324170600705660e-01,1.000000000000000000e+00,1.000000000000000000e+00,1.000000000000000000e+00,1.000000000000000000e+00,1.000000000000000000e+00,1.000000000000000000e+00,1.000000000000000000e+00,1.000000000000000000e+00,1.000000000000000000e+00,1.000000000000000000e+00,1.000000000000000000e+00,1.000000000000000000e+00,1.000000000000000000e+00,1.000000000000000000e+00,1.000000000000000000e+00,1.000000000000000000e+00,1.000000000000000000e+00,1.000000000000000000e+00,1.000000000000000000e+00,1.000000000000000000e+00,1.000000000000000000e+00,1.000000000000000000e+00,1.000000000000000000e+00,1.000000000000000000e+00,1.000000000000000000e+00,1.000000000000000000e+00,1.000000000000000000e+00,9.931112587327493024e-01,9.852580936880834805e-01,9.774049286434176587e-01,9.695517635987520588e-01,9.616985985540863480e-01,9.538454335094205261e-01,9.459922684647547042e-01,9.381391034200888823e-01,9.303984787215879848e-01,9.234617136385484537e-01,9.165249485555088116e-01,9.095881834724692805e-01,9.026514183894296384e-01,8.957146533063903293e-01,8.887778882233507982e-01,8.818411231403111561e-01,8.749043580572716250e-01,8.671501761798885433e-01,8.579947083693456600e-01,8.488392405588023326e-01,8.396837727482591163e-01,8.305283049377158999e-01,8.213728371271726836e-01,8.122173693166294672e-01,8.030619015060864729e-01,7.939064336955432566e-01,7.827892067464522485e-01,7.704388740531313839e-01,7.580885413598105194e-01,7.457382086664900989e-01,7.333878759731692343e-01,7.210375432798483697e-01,7.086872105865273941e-01,6.963368778932066405e-01,6.839865451998856649e-01,6.759398505932641132e-01,6.685957907763075969e-01,6.612517309593515247e-01,6.539076711423948973e-01,6.465636113254383810e-01,6.392195515084818647e-01,6.318754916915252373e-01,6.245314318745687210e-01,6.184443552742546757e-01,6.230416360153998578e-01,6.276389167565451510e-01,6.322361974976904442e-01,6.368334782388357374e-01,6.414307589799808085e-01,6.460280397211259906e-01,6.506253204622712838e-01,6.552226012034165770e-01,6.497501594804397929e-01,6.256487311988374600e-01,6.015473029172351271e-01,5.774458746356326833e-01,5.533444463540303504e-01,5.292430180724279065e-01,5.051415897908255737e-01,4.810401615092246841e-01,4.569387332276223512e-01,4.412154438045250981e-01,4.311597189033580246e-01,4.211039940021910066e-01,4.110482691010239331e-01,4.009925441998568596e-01,3.909368192986898416e-01,3.808810943975227681e-01,3.708253694963557501e-01,3.607696445951893427e-01,3.434833577361061097e-01,3.248413405099134788e-01,3.061993232837207923e-01,2.875573060575281614e-01,2.689152888313354750e-01,2.502732716051427886e-01,2.316312543789501299e-01,2.129892371527574713e-01,1.952566502938345439e-01,1.869821392545131522e-01,1.787076282151922602e-01,1.704331171758708408e-01,1.621586061365494491e-01,1.538840950972280575e-01,1.456095840579066381e-01,1.373350730185852464e-01,1.290605619792638548e-01,1.224039811663214933e-01,1.189832608061369701e-01,1.155625404459524330e-01,1.121418200857681180e-01,1.087210997255835809e-01,1.053003793653990439e-01,1.018796590052145068e-01,9.845893864502998361e-02,9.503821828484544654e-02,8.740807290277952113e-02,7.671652750479997229e-02,6.602498210682042346e-02,5.533343670884087462e-02,4.464189131086132578e-02,3.395034591288243614e-02,2.325880051490289424e-02,1.256725511692334540e-02,1.875709718943796567e-03,0.000000000000000000e+00,0.000000000000000000e+00,0.000000000000000000e+00,0.000000000000000000e+00,0.000000000000000000e+00,0.000000000000000000e+00,0.000000000000000000e+00,0.000000000000000000e+00,-3.220393450827327506e-03,-4.911100012512459312e-02,-9.500160679942186437e-02,-1.408922134737191356e-01,-1.867828201480163930e-01,-2.326734268223136504e-01,-2.785640334966109077e-01,-3.244546401709081929e-01,-3.703452468452054780e-01,-4.033943223500019437e-01,-4.086200803208847598e-01,-4.138458382917679645e-01,-4.190715962626511137e-01,-4.242973542335342629e-01,-4.295231122044174676e-01,-4.347488701753006168e-01,-4.399746281461837660e-01,-4.452003861170669152e-01,-4.543674352309914899e-01,-4.666136180504167896e-01,-4.788598008698412567e-01,-4.911059836892665564e-01,-5.033521665086918562e-01,-5.155983493281171004e-01,-5.278445321475423446e-01,-5.400907149669675889e-01,-5.523368977863929441e-01,-5.582290000491318960e-01,-5.626016482657069107e-01,-5.669742964822819253e-01,-5.713469446988570510e-01,-5.757195929154317326e-01,-5.800922411320068584e-01,-5.844648893485818730e-01,-5.888375375651568877e-01,-5.929163507387408272e-01,-5.917061331384849687e-01,-5.904959155382292213e-01,-5.892856979379733628e-01,-5.880754803377176154e-01,-5.868652627374617570e-01,-5.856550451372060095e-01,-5.844448275369502621e-01,-5.832346099366944037e-01,-5.853508782046723535e-01,-5.952941720449650420e-01,-6.052374658852577305e-01,-6.151807597255505300e-01,-6.251240535658432185e-01,-6.350673474061359070e-01,-6.450106412464285954e-01,-6.549539350867212839e-01,-6.648972289270134173e-01,-6.746854338379837390e-01,-6.843435641630708499e-01,-6.940016944881578498e-01,-7.036598248132448497e-01,-7.133179551383319605e-01,-7.229760854634189604e-01,-7.326342157885060713e-01,-7.422923461135930712e-01,-7.519504764386801821e-01,-7.668278468383412649e-01,-7.830970145912208302e-01,-7.993661823441015057e-01,-8.156353500969820702e-01,-8.319045178498627457e-01,-8.481736856027433102e-01,-8.644428533556238747e-01,-8.807120211085044392e-01,-8.963375410568473756e-01,-8.942627463804151411e-01,-8.921879517039829066e-01,-8.901131570275507832e-01,-8.880383623511186597e-01,-8.859635676746864252e-01,-8.838887729982541908e-01,-8.818139783218220673e-01,-8.797391836453898328e-01,-8.793898737914201957e-01,-8.834621187950107979e-01,-8.875343637986014000e-01,-8.916066088021920022e-01,-8.956788538057826043e-01,-8.997510988093728734e-01,-9.038233438129634756e-01,-9.078955888165540777e-01,-9.119678338201446799e-01,-9.104421921981366017e-01,-9.038784526130897445e-01,-8.973147130280429984e-01,-8.907509734429962522e-01,-8.841872338579493951e-01,-8.776234942729026489e-01,-8.710597546878557917e-01,-8.644960151028094897e-01,-8.579322755177626325e-01,-8.639474528813402276e-01,-8.736791284342843023e-01,-8.834108039872282658e-01,-8.931424795401723404e-01,-9.028741550931163040e-01,-9.126058306460603786e-01,-9.223375061990043422e-01,-9.320691817519484168e-01,-9.417470998499206658e-01,-9.484146004695080956e-01,-9.550821010890955254e-01,-9.617496017086829552e-01,-9.684171023282703850e-01,-9.750846029478578147e-01,-9.817521035674451335e-01,-9.884196041870325633e-01,-9.950871048066199931e-01,-1.000000000000000000e+00,-1.000000000000000000e+00,-1.000000000000000000e+00,-1.000000000000000000e+00,-1.000000000000000000e+00,-1.000000000000000000e+00,-1.000000000000000000e+00,-1.000000000000000000e+00,-1.000000000000000000e+00,-1.000000000000000000e+00,-1.000000000000000000e+00,-1.000000000000000000e+00,-1.000000000000000000e+00,-1.000000000000000000e+00,-1.000000000000000000e+00,-1.000000000000000000e+00,-1.000000000000000000e+00,-1.000000000000000000e+00,-9.988322803633280511e-01,-9.972843729379722300e-01,-9.957364655126165198e-01,-9.941885580872606987e-01,-9.926406506619048775e-01,-9.910927432365490564e-01,-9.895448358111933462e-01,-9.879969283858376361e-01,-9.864490209604818149e-01,1.100000000000000089e+00
-1.000000000000000000e+00,-1.000000000000000000e+00,-1.000000000000000000e+00,-1.000000000000000000e+00,-1.000000000000000000e+00,-1.000000000000000000e+00,-1.000000000000000000e+00,-1.000000000000000000e+00,-1.000000000000000000e+00,-1.000000000000000000e+00,-1.000000000000000000e+00,-1.000000000000000000e+00,-1.000000000000000000e+00,-9.993690420893073245e-01,-9.976502257119030936e-01,-9.959314093344987517e-01,-9.942125929570945209e-01,-9.924937765796902900e-01,-9.907749602022860591e-01,-9.883839261575109170e-01,-9.733888108495311053e-01,-9.583936955415512937e-01,-9.433985802335714821e-01,-9.284034649255916705e-01,-9.134083496176118588e-01,-8.984132343096320472e-01,-8.726544780356366715e-01,-8.429985414118768006e-01,-8.133426047881171517e-01,-7.836866681643573918e-01,-7.540307315405977429e-01,-7.243747949168378719e-01,-7.071067811865474617e-01,-7.071067811865474617e-01,-7.071067811865474617e-01,-7.071067811865474617e-01,-7.071067811865474617e-01,-7.071067811865474617e-01,-7.050200148615629603e-01,-6.844131974023413001e-01,-6.638063799431195289e-01,-6.431995624838978687e-01,-6.225927450246762085e-01,-6.019859275654544373e-01,-5.813791101062328881e-01,-5.797649915868663406e-01,-5.833585485832666340e-01,-5.869521055796670383e-01,-5.905456625760673317e-01,-5.941392195724676251e-01,-5.977327765688680294e-01,-5.933609200332701228e-01,-5.799472427316202383e-01,-5.665335654299702428e-01,-5.531198881283202473e-01,-5.397062108266701408e-01,-5.262925335250203673e-01,-5.178448138111264587e-01,-5.371236906288718860e-01,-5.564025674466170912e-01,-5.756814442643625185e-01,-5.949603210821079458e-01,-6.142391978998533730e-01,-6.335180747175985783e-01,-6.318376900502774562e-01,-6.260289659995339484e-01,-6.202202419487905516e-01,-6.144115178980470438e-01,-6.086027938473036469e-01,-6.027940697965601391e-01,-6.040129537832470419e-01,-6.117452305851133199e-01,-6.194775073869797088e-01,-6.272097841888459868e-01,-6.349420609907123758e-01,-6.426743377925787648e-01,-6.460718516079262397e-01,-6.324012361638556845e-01,-6.187306207197849073e-01,-6.050600052757142411e-01,-5.913893898316435749e-01,-5.777187743875730197e-01,-5.640481589435023535e-01,-5.677525661075233376e-01,-5.736909047497276148e-01,-5.796292433919320031e-01,-5.855675820341362803e-01,-5.915059206763406685e-01,-5.974442593185449457e-01,-5.862216669288540238e-01,-5.620330377595086357e-01,-5.378444085901634697e-01,-5.136557794208180816e-01,-4.894671502514726380e-01,-4.652785210821271944e-01,-4.390100696296725946e-01,-4.066061424420445158e-01,-3.742022152544164371e-01,-3.417982880667886914e-01,-3.093943608791606126e-01,-2.769904336915324783e-01,-2.445865065039043995e-01,-2.241046265753938727e-01,-2.044282903806075025e-01,-1.847519541858215764e-01,-1.650756179910352339e-01,-1.453992817962488637e-01,-1.257229456014625213e-01,-1.066391054895201862e-01,-8.791801808135991936e-02,-6.919693067319965252e-02,-5.047584326503981589e-02,-3.175475585687954905e-02,-1.303366844871928221e-02,0.000000000000000000e+00,0.000000000000000000e+00,0.000000000000000000e+00,0.000000000000000000e+00,0.000000000000000000e+00,0.000000000000000000e+00,0.000000000000000000e+00,0.000000000000000000e+00,0.000000000000000000e+00,0.000000000000000000e+00,0.000000000000000000e+00,0.000000000000000000e+00,0.000000000000000000e+00,2.714941474815024680e-02,6.761741031614849906e-02,1.080854058841467652e-01,1.485534014521450175e-01,1.890213970201432836e-01,2.294893925881406338e-01,2.511237231973516559e-01,2.384538783459123901e-01,2.257840334944731242e-01,2.131141886430338306e-01,2.004443437915945647e-01,1.877744989401552711e-01,1.772137952149038798e-01,2.200846666864308132e-01,2.629555381579576911e-01,3.058264096294846524e-01,3.486972811010115580e-01,3.915681525725385193e-01,4.344390240440654249e-01,4.547560479719305881e-01,4.663680781110144946e-01,4.779801082500984011e-01,4.895921383891823631e-01,5.012041685282662140e-01,5.128161986673501760e-01,5.232052719025943599e-01,5.317981271853237102e-01,5.403909824680531715e-01,5.489838377507827438e-01,5.575766930335122051e-01,5.661695483162417775e-01,5.758200753094390167e-01,5.963495113245897983e-01,6.168789473397405798e-01,6.374083833548909173e-01,6.579378193700418098e-01,6.784672553851925914e-01,6.989966914003433729e-01,7.038523249268409110e-01,7.040829019812765432e-01,7.043134790357122865e-01,7.045440560901480298e-01,7.047746331445836621e-01,7.050052101990194053e-01,6.931012718121041249e-01,6.667033288702415295e-01,6.403053859283788229e-01,6.139074429865162275e-01,5.875095000446541871e-01,5.611115571027914806e-01,5.466082991057523710e-01,6.056358207676296734e-01,6.646633424295069759e-01,7.236908640913843893e-01,7.827183857532616917e-01,8.417459074151376619e-01,9.007734290770150754e-01,8.840068808056933403e-01,8.509154559333731438e-01,8.178240310610530583e-01,7.847326061887329729e-01,7.516411813164127764e-01,7.185497564440934681e-01,7.192982966020901037e-01,7.530408026646477904e-01,7.867833087272055881e-01,8.205258147897633858e-01,8.542683208523211835e-01,8.880108269148789812e-01,9.154415829149036288e-01,9.159422053147875387e-01,9.164428277146714485e-01,9.169434501145553584e-01,9.174440725144392683e-01,9.179446949143231782e-01,9.184453173142070881e-01,9.183048045565044282e-01,9.180713736600211172e-01,9.178379427635378063e-01,9.176045118670544953e-01,9.173710809705711844e-01,9.171376500740878734e-01,9.228277400200066705e-01,9.332297215451088590e-01,9.436317030702116027e-01,9.540336845953137912e-01,9.644356661204165349e-01,9.748376476455187234e-01,9.830987940266028291e-01,9.845994083739445513e-01,9.861000227212861624e-01,9.876006370686277736e-01,9.891012514159693847e-01,9.906018657633111069e-01,9.921024801106527180e-01,9.921193972365915936e-01,9.920143666457028608e-01,9.919093360548141280e-01,9.918043054639253953e-01,9.916992748730366625e-01,9.915942442821479297e-01,9.923655639592459110e-01,9.937028598510853072e-01,9.950401557429247035e-01,9.963774516347640997e-01,9.977147475266034959e-01,9.990520434184428922e-01,1.000000000000000000e+00,1.000000000000000000e+00,1.000000000000000000e+00,1.000000000000000000e+00,1.000000000000000000e+00,1.000000000000000000e+00,1.000000000000000000e+00,1.000000000000000000e+00,1.000000000000000000e+00,1.000000000000000000e+00,1.000000000000000000e+00,1.000000000000000000e+00,1.000000000000000000e+00,1.000000000000000000e+00,1.000000000000000000e+00,1.000000000000000000e+00,1.000000000000000000e+00,1.000000000000000000e+00,1.000000000000000000e+00,1.000000000000000000e+00,1.000000000000000000e+00,1.000000000000000000e+00,1.000000000000000000e+00,1.000000000000000000e+00,1.000000000000000000e+00,9.998812886931881527e-01,9.951921920741130245e-01,9.905030954550382294e-01,9.858139988359632122e-01,9.811249022168884171e-01,9.764358055978135109e-01,9.717467089787384937e-01,9.643566960895774143e-01,9.558573783037732641e-01,9.473580605179694469e-01,9.388587427321652967e-01,9.303594249463614796e-01,9.218601071605577735e-01,9.186924445554347507e-01,9.237802480365280289e-01,9.288680515176215291e-01,9.339558549987149183e-01,9.390436584798084185e-01,9.441314619609016967e-01,9.479770628165558044e-01,9.367091983960248447e-01,9.254413339754943291e-01,9.141734695549632583e-01,9.029056051344327427e-01,8.916377407139016720e-01,8.803698762933711564e-01,8.570704677719909181e-01,8.299610702853398303e-01,8.028516727986899637e-01,7.757422753120388759e-01,7.486328778253891203e-01,7.215234803387380325e-01,6.989599258316465669e-01,6.821111453560002591e-01,6.652623648803531742e-01,6.484135844047067554e-01,6.315648039290596705e-01,6.147160234534132517e-01,5.979828865268862481e-01,5.820476900892878058e-01,5.661124936516894746e-01,5.501772972140904772e-01,5.342421007764921459e-01,5.183069043388930375e-01,5.023717079012947062e-01,4.925310709698129674e-01,4.841188464225780197e-01,4.757066218753430720e-01,4.672943973281077912e-01,4.588821727808728435e-01,4.504699482336375072e-01,4.535337837592774979e-01,4.683679373083803332e-01,4.832020908574824469e-01,4.980362444065846161e-01,5.128703979556874515e-01,5.277045515047895652e-01,5.341382990513429130e-01,5.015701615860577167e-01,4.690020241207711882e-01,4.364338866554860474e-01,4.038657491901994634e-01,3.712976117249143226e-01,3.387294742596291819e-01,3.262278915647275901e-01,3.169723692003306170e-01,3.077168468359332554e-01,2.984613244715362823e-01,2.892058021071389207e-01,2.799502797427419476e-01,2.737600374938140568e-01,2.701360762717906483e-01,2.665121150497673508e-01,2.628881538277438867e-01,2.592641926057206447e-01,2.556402313836971807e-01,2.481853597325585914e-01,2.277479582938618241e-01,2.073105568551641131e-01,1.868731554164673181e-01,1.664357539777696349e-01,1.459983525390728398e-01,1.255609511003751289e-01,1.058943246129906285e-01,8.630263457920590853e-02,6.671094454542031427e-02,4.711925451163560818e-02,2.752756447785001392e-02,7.935874444065293964e-03,0.000000000000000000e+00,0.000000000000000000e+00,0.000000000000000000e+00,0.000000000000000000e+00,0.000000000000000000e+00,0.000000000000000000e+00,0.000000000000000000e+00,0.000000000000000000e+00,0.000000000000000000e+00,0.000000000000000000e+00,0.000000000000000000e+00,0.000000000000000000e+00,0.000000000000000000e+00,0.000000000000000000e+00,0.000000000000000000e+00,0.000000000000000000e+00,0.000000000000000000e+00,0.000000000000000000e+00,0.000000000000000000e+00,-1.276416839232206654e-02,-3.253611550984035483e-02,-5.230806262735952783e-02,-7.208000974487781265e-02,-9.185195686239609747e-02,-1.116239039799152705e-01,-1.374979647214242817e-01,-1.758109493887636543e-01,-2.141239340561013060e-01,-2.524369187234407064e-01,-2.907499033907783859e-01,-3.290628880581160098e-01,-3.671532795998656562e-01,-3.878814073455922329e-01,-4.086095350913197533e-01,-4.293376628370463299e-01,-4.500657905827738503e-01,-4.707939183285004825e-01,-4.915220460742270592e-01,-5.014395781430059928e-01,-5.066397593709337510e-01,-5.118399405988617312e-01,-5.170401218267894894e-01,-5.222403030547174696e-01,-5.274404842826452278e-01,-5.293348580518111302e-01,-5.258297463049984577e-01,-5.223246345581860073e-01,-5.188195228113734458e-01,-5.153144110645609954e-01,-5.118092993177483230e-01,-5.096322919734428414e-01,-5.271112297862471374e-01,-5.445901675990522106e-01,-5.620691054118566177e-01,-5.795480432246616909e-01,-5.970269810374659869e-01,-6.145059188502710601e-01,-6.059525819470682473e-01,-5.885747451401355246e-01,-5.711969083332013586e-01,-5.538190715262670816e-01,-5.364412347193343589e-01,-5.190633979124001929e-01,-5.166436991164974346e-01,-5.340215359234317116e-01,-5.513993727303643233e-01,-5.687772095372986003e-01,-5.861550463442327663e-01,-6.035328831511654890e-01,-6.198376667327520906e-01,-6.277964807838544159e-01,-6.357552948349567412e-01,-6.437141088860584004e-01,-6.516729229371607257e-01,-6.596317369882631620e-01,-6.675905510393647102e-01,-6.742390987756923248e-01,-6.805548804638230642e-01,-6.868706621519538036e-01,-6.931864438400839878e-01,-6.995022255282147272e-01,-7.058180072163454666e-01,-7.148804348560366950e-01,-7.269063489171504466e-01,-7.389322629782641982e-01,-7.509581770393779498e-01,-7.629840911004905912e-01,-7.750100051616043428e-01,-7.879579609262188367e-01,-8.055870514932199633e-01,-8.232161420602227553e-01,-8.408452326272254362e-01,-8.584743231942282282e-01,-8.761034137612293549e-01,-8.937325043282320358e-01,-8.902212607655096699e-01,-8.829236887019411562e-01,-8.756261166383718653e-01,-8.683285445748026854e-01,-8.610309725112335055e-01,-8.537334004476649918e-01,-8.502709976090599975e-01,-8.501871962305429520e-01,-8.501033948520259065e-01,-8.500195934735088610e-01,-8.499357920949918155e-01,-8.498519907164748810e-01,-8.495963469466560891e-01,-8.487139838673836145e-01,-8.478316207881111399e-01,-8.469492577088387764e-01,-8.460668946295663018e-01,-8.451845315502939382e-01,-8.443021684710214636e-01,-8.486073519294590195e-01,-8.534970476738361622e-01,-8.583867434182133049e-01,-8.632764391625900036e-01,-8.681661349069671463e-01,-8.730558306513442890e-01,-8.859141185674983543e-01,-9.044890052155776239e-01,-9.230638918636585588e-01,-9.416387785117394937e-01,-9.602136651598187633e-01,-9.787885518078996983e-01,-9.927445638314936760e-01,-9.939436840350753810e-01,-9.951428042386568640e-01,-9.963419244422384580e-01,-9.975410446458200520e-01,-9.987401648494015349e-01,-9.999392850529831289e-01,-1.000000000000000000e+00,-1.000000000000000000e+00,-1.000000000000000000e+00,-1.000000000000000000e+00,-1.000000000000000000e+00,-1.000000000000000000e+00,-1.000000000000000000e+00,-1.000000000000000000e+00,-1.000000000000000000e+00,-1.000000000000000000e+00,-1.000000000000000000e+00,-1.000000000000000000e+00,-9.620928045857987110e-01,-8.423060670768953706e-01,-7.225193295679919192e-01,-6.027325920590886899e-01,-4.829458545501961186e-01,-3.631591170412927783e-01,-2.433723795323894101e-01,1.100000000000000089e+00
-1.000000000000000000e+00,-1.000000000000000000e+00,-1.000000000000000000e+00,-1.000000000000000000e+00,-1.000000000000000000e+00,-1.000000000000000000e+00,-1.000000000000000000e+00,-1.000000000000000000e+00,-1.000000000000000000e+00,-1.000000000000000000e+00,-1.000000000000000000e+00,-1.000000000000000000e+00,-1.000000000000000000e+00,-1.000000000000000000e+00,-1.000000000000000000e+00,-1.000000000000000000e+00,-1.000000000000000000e+00,-1.000000000000000000e+00,-1.000000000000000000e+00,-1.000000000000000000e+00,-1.000000000000000000e+00,-1.000000000000000000e+00,-1.000000000000000000e+00,-1.000000000000000000e+00,-9.860826212606570440e-01,-9.717234209740334139e-01,-9.573642206874097837e-01,-9.430050204007860426e-01,-9.286458201141623015e-01,-9.142866198275386713e-01,-8.999274195409150412e-01,-8.894462797644201446e-01,-8.883541285913953978e-01,-8.872619774183706509e-01,-8.861698262453459041e-01,-8.850776750723211572e-01,-8.839855238992964104e-01,-8.828933727262716635e-01,-8.818012215532468057e-01,-8.784518374835939003e-01,-8.736916828535482571e-01,-8.689315282235025029e-01,-8.641713735934568597e-01,-8.594112189634112164e-01,-8.546510643333655732e-01,-8.498909097033199300e-01,-8.451307550732742868e-01,-8.318118225721954362e-01,-8.179316587353110402e-01,-8.040514948984265331e-01,-7.901713310615422481e-01,-7.762911672246578521e-01,-7.624110033877734560e-01,-7.485308395508889490e-01,-7.326081846694091348e-01,-7.109184962502479443e-01,-6.892288078310866428e-01,-6.675391194119254523e-01,-6.458494309927640398e-01,-6.241597425736027382e-01,-6.024700541544415477e-01,-5.807803657352803572e-01,-5.774153789070138876e-01,-5.870705747880676784e-01,-5.967257706691215802e-01,-6.063809665501754820e-01,-6.160361624312292728e-01,-6.256913583122831746e-01,-6.353465541933369654e-01,-6.450017500743909782e-01,-6.253844835994478712e-01,-6.027903565459289403e-01,-5.801962294924098984e-01,-5.576021024388909675e-01,-5.350079753853719255e-01,-5.124138483318529946e-01,-4.898197212783339527e-01,-4.724300461339038804e-01,-4.723885440197712615e-01,-4.723470419056386427e-01,-4.723055397915059683e-01,-4.722640376773733495e-01,-4.722225355632407306e-01,-4.721810334491081118e-01,-4.721395313349754375e-01,-4.738672062091110471e-01,-4.770200514349071663e-01,-4.801728966607033411e-01,-4.833257418864994603e-01,-4.864785871122955796e-01,-4.896314323380916989e-01,-4.927842775638878181e-01,-4.959371227896839374e-01,-4.970523369251945156e-01,-4.978815677497878123e-01,-4.987107985743811089e-01,-4.995400293989744056e-01,-5.003692602235677578e-01,-5.011984910481610545e-01,-5.020277218727543511e-01,-5.003128519843704769e-01,-4.884215792440778636e-01,-4.765303065037851948e-01,-4.646390337634925816e-01,-4.527477610231999128e-01,-4.408564882829072440e-01,-4.289652155426144642e-01,-4.170739428023217954e-01,-3.981083526933462124e-01,-3.726926496893950280e-01,-3.472769466854437881e-01,-3.218612436814925482e-01,-2.964455406775413637e-01,-2.710298376735901238e-01,-2.456141346696388839e-01,-2.201984316656873109e-01,-1.992230716674107116e-01,-1.790550467610749485e-01,-1.588870218547391855e-01,-1.387189969484034224e-01,-1.185509720420676594e-01,-9.838294713573189632e-02,-7.821492222939613326e-02,-6.010511918559213740e-02,-5.209931437603572413e-02,-4.409350956647953290e-02,-3.608770475692311963e-02,-2.808189994736692841e-02,-2.007609513781051513e-02,-1.207029032825410880e-02,-4.064485518697910638e-03,0.000000000000000000e+00,0.000000000000000000e+00,0.000000000000000000e+00,0.000000000000000000e+00,0.000000000000000000e+00,0.000000000000000000e+00,0.000000000000000000e+00,0.000000000000000000e+00,9.415688531345672505e-03,2.096323106978878817e-02,3.251077360823158985e-02,4.405831614667470725e-02,5.560585868511750546e-02,6.715340122356061592e-02,7.870094376200342801e-02,9.781421062927631027e-02,1.640030955426054760e-01,2.301919804559328375e-01,2.963808653692620032e-01,3.625697502825893648e-01,4.287586351959185027e-01,4.949475201092458643e-01,5.611364050225750022e-01,6.073315408421835482e-01,6.302006360524526896e-01,6.530697312627217199e-01,6.759388264729901952e-01,6.988079216832593366e-01,7.216770168935278118e-01,7.445461121037969532e-01,7.674152073140654284e-01,7.834199855426928760e-01,7.975404414626338090e-01,8.116608973825750750e-01,8.257813533025163411e-01,8.399018092224572740e-01,8.540222651423985400e-01,8.681427210623394730e-01,8.810862575032210042e-01,8.842781754033214314e-01,8.874700933034219696e-01,8.906620112035223968e-01,8.938539291036229351e-01,8.970458470037234733e-01,9.002377649038239005e-01,9.034296828039244387e-01,9.057569480086662406e-01,9.069416364373983352e-01,9.081263248661305409e-01,9.093110132948626356e-01,9.104957017235947303e-01,9.116803901523269360e-01,9.128650785810590307e-01,9.140497670097911254e-01,9.153332576855203184e-01,9.166490103194524508e-01,9.179647629533846942e-01,9.192805155873168266e-01,9.205962682212490700e-01,9.219120208551812024e-01,9.232277734891134457e-01,9.248200680524577555e-01,9.297308657687497480e-01,9.346416634850418514e-01,9.395524612013337329e-01,9.444632589176257254e-01,9.493740566339176068e-01,9.542848543502097103e-01,9.591956520665015917e-01,9.634673177615423745e-01,9.667802854247062871e-01,9.700932530878703108e-01,9.734062207510343345e-01,9.767191884141982472e-01,9.800321560773622709e-01,9.833451237405261836e-01,9.866580914036902072e-01,9.876649455828254709e-01,9.877886073638220132e-01,9.879122691448185556e-01,9.880359309258152090e-01,9.881595927068117513e-01,9.882832544878082937e-01,9.884069162688048360e-01,9.884987691003652710e-01,9.879332369769104893e-01,9.873677048534558187e-01,9.868021727300010371e-01,9.862366406065462554e-01,9.856711084830915848e-01,9.851055763596368031e-01,9.845400442361821325e-01,9.846816087905276849e-01,9.860311301694489883e-01,9.873806515483702917e-01,9.887301729272914841e-01,9.900796943062127875e-01,9.914292156851340909e-01,9.927787370640553943e-01,9.941282584429766978e-01,9.950355653082425533e-01,9.957463323896615925e-01,9.964570994710805207e-01,9.971678665524995600e-01,9.978786336339185992e-01,9.985894007153376384e-01,9.993001677967566776e-01,1.000000000000000000e+00,1.000000000000000000e+00,1.000000000000000000e+00,1.000000000000000000e+00,1.000000000000000000e+00,1.000000000000000000e+00,1.000000000000000000e+00,1.000000000000000000e+00,1.000000000000000000e+00,1.000000000000000000e+00,1.000000000000000000e+00,1.000000000000000000e+00,1.000000000000000000e+00,1.000000000000000000e+00,1.000000000000000000e+00,1.000000000000000000e+00,1.000000000000000000e+00,1.000000000000000000e+00,1.000000000000000000e+00,1.000000000000000000e+00,1.000000000000000000e+00,1.000000000000000000e+00,1.000000000000000000e+00,1.000000000000000000e+00,9.955890849480137916e-01,9.911092493483404375e-01,9.866294137486669724e-01,9.821495781489936183e-01,9.776697425493199312e-01,9.731899069496465771e-01,9.687100713499732230e-01,9.617976084901749267e-01,9.494117342950969540e-01,9.370258601000189813e-01,9.246399859049410086e-01,9.122541117098623698e-01,8.998682375147843970e-01,8.874823633197064243e-01,8.750964891246277855e-01,8.718720799083594653e-01,8.740104794601747384e-01,8.761488790119901227e-01,8.782872785638055069e-01,8.804256781156208911e-01,8.825640776674362753e-01,8.847024772192515485e-01,8.868408767710670437e-01,8.645956181494185433e-01,8.411705051000216704e-01,8.177453920506235763e-01,7.943202790012267034e-01,7.708951659518298305e-01,7.474700529024329576e-01,7.240449398530347525e-01,7.050609418836494280e-01,6.976731888454059671e-01,6.902854358071621732e-01,6.828976827689188234e-01,6.755099297306754735e-01,6.681221766924320127e-01,6.607344236541882188e-01,6.533466706159448689e-01,6.409237527883608898e-01,6.251440584345494544e-01,6.093643640807372419e-01,5.935846697269258065e-01,5.778049753731144822e-01,5.620252810193022697e-01,5.462455866654908343e-01,5.304658923116793989e-01,5.305335684322441958e-01,5.319218587590076597e-01,5.333101490857710125e-01,5.346984394125343654e-01,5.360867297392977182e-01,5.374750200660610711e-01,5.388633103928244239e-01,5.323903562218653684e-01,5.018423407766250399e-01,4.712943253313863767e-01,4.407463098861476580e-01,4.101982944409089393e-01,3.796502789956686108e-01,3.491022635504299476e-01,3.185542481051912844e-01,3.007341797752929313e-01,2.925460714245735616e-01,2.843579630738541919e-01,2.761698547231348777e-01,2.679817463724150639e-01,2.597936380216956942e-01,2.516055296709763800e-01,2.434174213202565662e-01,2.287191722770371971e-01,2.132352165985161030e-01,1.977512609199950089e-01,1.822673052414730821e-01,1.667833495629519880e-01,1.512993938844309216e-01,1.358154382059097998e-01,1.201968874898431683e-01,1.040880262798644512e-01,8.797916506988573415e-02,7.187030385990614278e-02,5.576144264992741184e-02,3.965258143994869477e-02,2.354372022996997771e-02,7.434859019990386342e-03,0.000000000000000000e+00,0.000000000000000000e+00,0.000000000000000000e+00,0.000000000000000000e+00,0.000000000000000000e+00,0.000000000000000000e+00,0.000000000000000000e+00,0.000000000000000000e+00,0.000000000000000000e+00,0.000000000000000000e+00,0.000000000000000000e+00,0.000000000000000000e+00,0.000000000000000000e+00,0.000000000000000000e+00,0.000000000000000000e+00,0.000000000000000000e+00,0.000000000000000000e+00,0.000000000000000000e+00,0.000000000000000000e+00,0.000000000000000000e+00,0.000000000000000000e+00,0.000000000000000000e+00,0.000000000000000000e+00,-1.568390393552156897e-02,-4.657644199034061128e-02,-7.746898004515796743e-02,-1.083615180999753375e-01,-1.392540561547926936e-01,-1.701465942096117290e-01,-2.010391322644290990e-01,-2.319316703192464413e-01,-2.379488376956077900e-01,-2.388987999337635337e-01,-2.398487621719192775e-01,-2.407987244100749935e-01,-2.417486866482307928e-01,-2.426986488863865365e-01,-2.436486111245422803e-01,-2.447087151475398348e-01,-2.463745989871677922e-01,-2.480404828267956385e-01,-2.497063666664235126e-01,-2.513722505060514423e-01,-2.530381343456793442e-01,-2.547040181853071905e-01,-2.563699020249350369e-01,-2.609677835458600326e-01,-2.687814044591753104e-01,-2.765950253724905328e-01,-2.844086462858061992e-01,-2.922222671991214771e-01,-3.000358881124366994e-01,-3.078495090257519773e-01,-3.156631299390676437e-01,-3.309796052263881960e-01,-3.481717941072101641e-01,-3.653639829880321876e-01,-3.825561718688550994e-01,-3.997483607496771230e-01,-4.169405496304990910e-01,-4.341327385113220028e-01,-4.512353800301222018e-01,-4.676999965945167759e-01,-4.841646131589113500e-01,-5.006292297233068123e-01,-5.170938462877013864e-01,-5.335584628520959605e-01,-5.500230794164915338e-01,-5.664876959808861079e-01,-5.800177360202959376e-01,-5.899048534769657515e-01,-5.997919709336360095e-01,-6.096790883903058234e-01,-6.195662058469756373e-01,-6.294533233036454511e-01,-6.393404407603157091e-01,-6.492275582169855230e-01,-6.666568271323991546e-01,-6.863487414854374524e-01,-7.060406558384746400e-01,-7.257325701915118277e-01,-7.454244845445490153e-01,-7.651163988975873131e-01,-7.848083132506245008e-01,-8.027284999001192967e-01,-8.032266974647722657e-01,-8.037248950294251237e-01,-8.042230925940779818e-01,-8.047212901587308398e-01,-8.052194877233838088e-01,-8.057176852880366669e-01,-8.062158828526895249e-01,-8.115479291226814773e-01,-8.236831698668564128e-01,-8.358184106110306821e-01,-8.479536513552049515e-01,-8.600888920993798870e-01,-8.722241328435541563e-01,-8.843593735877284256e-01,-8.964946143319026950e-01,-9.032507533578099101e-01,-9.081017938584966531e-01,-9.129528343591833961e-01,-9.178038748598703611e-01,-9.226549153605571041e-01,-9.275059558612438471e-01,-9.323569963619304790e-01,-9.371166990664080432e-01,-9.404835003786904402e-01,-9.438503016909729482e-01,-9.472171030032553452e-01,-9.505839043155379642e-01,-9.539507056278203612e-01,-9.573175069401027582e-01,-9.606843082523853772e-01,-9.616940466535296439e-01,-9.589324843968525247e-01,-9.561709221401754055e-01,-9.534093598834980643e-01,-9.506477976268209451e-01,-9.478862353701438259e-01,-9.451246731134664847e-01,-9.423631108567893655e-01,-9.411773485562299202e-01,-9.406424601505887217e-01,-9.401075717449475233e-01,-9.395726833393063249e-01,-9.390377949336651264e-01,-9.385029065280240390e-01,-9.379680181223827296e-01,-9.375472260992521178e-01,-9.407204701252079859e-01,-9.438937141511640760e-01,-9.470669581771199441e-01,-9.502402022030758122e-01,-9.534134462290317913e-01,-9.565866902549877704e-01,-9.597599342809436385e-01,-9.635705830497703905e-01,-9.685451883055792299e-01,-9.735197935613878473e-01,-9.784943988171963536e-01,-9.834690040730049709e-01,-9.884436093288136993e-01,-9.934182145846223166e-01,-9.983928198404308230e-01,-9.720001630598400499e-01,-9.306367675800530925e-01,-8.892733721002661351e-01,-8.479099766204836186e-01,-8.065465811406966612e-01,-7.651831856609142557e-01,-7.238197901811272983e-01,-6.824563947013403409e-01,1.000000000000000000e+00
-1.000000000000000000e+00,-1.000000000000000000e+00,-1.000000000000000000e+00,-1.000000000000000000e+00,-1.000000000000000000e+00,-1.000000000000000000e+00,-1.000000000000000000e+00,-1.000000000000000000e+00,-1.000000000000000000e+00,-1.000000000000000000e+00,-1.000000000000000000e+00,-1.000000000000000000e+00,-1.000000000000000000e+00,-1.000000000000000000e+00,-1.000000000000000000e+00,-1.000000000000000000e+00,-1.000000000000000000e+00,-1.000000000000000000e+00,-1.000000000000000000e+00,-9.921923164765806824e-01,-9.830556655449198544e-01,-9.739190146132590264e-01,-9.647823636815980874e-01,-9.556457127499372595e-01,-9.465090618182764315e-01,-9.373724108866154925e-01,-9.282357599549546645e-01,-9.190991090232938365e-01,-9.074034593960870199e-01,-8.949936705980301443e-01,-8.825838817999733799e-01,-8.701740930019165043e-01,-8.577643042038596288e-01,-8.453545154058027533e-01,-8.329447266077458778e-01,-8.205349378096891133e-01,-8.081251490116322378e-01,-8.019683213641526365e-01,-7.983768111117816035e-01,-7.947853008594105706e-01,-7.911937906070396487e-01,-7.876022803546686157e-01,-7.840107701022975828e-01,-7.804192598499265499e-01,-7.768277495975555169e-01,-7.732362393451845950e-01,-7.656017572010505035e-01,-7.556570054044803308e-01,-7.457122536079101582e-01,-7.357675018113400967e-01,-7.258227500147699240e-01,-7.158779982181997514e-01,-7.059332464216296898e-01,-6.959884946250595172e-01,-6.860437428284893446e-01,-6.754957571753369416e-01,-6.644807517622498549e-01,-6.534657463491628793e-01,-6.424507409360757926e-01,-6.314357355229885949e-01,-6.204207301099016192e-01,-6.094057246968145325e-01,-5.983907192837274458e-01,-5.873757138706403591e-01,-5.744424159654268891e-01,-5.595197776980082027e-01,-5.445971394305894053e-01,-5.296745011631706079e-01,-5.147518628957519216e-01,-4.998292246283332907e-01,-4.849065863609144933e-01,-4.699839480934957514e-01,-4.550613098260770650e-01,-4.426702431695564988e-01,-4.338013631021116479e-01,-4.249324830346666304e-01,-4.160636029672217795e-01,-4.071947228997769286e-01,-3.983258428323319111e-01,-3.894569627648870602e-01,-3.805880826974422093e-01,-3.717192026299973584e-01,-3.653744260251082787e-01,-3.638121612440092245e-01,-3.622498964629102258e-01,-3.606876316818112271e-01,-3.591253669007121729e-01,-3.575631021196131742e-01,-3.560008373385141756e-01,-3.544385725574151214e-01,-3.528763077763161227e-01,-3.484746087619384203e-01,-3.365010851254844892e-01,-3.245275614890306137e-01,-3.125540378525764607e-01,-3.005805142161225296e-01,-2.886069905796686541e-01,-2.766334669432146676e-01,-2.646599433067607920e-01,-2.526864196703066390e-01,-2.402286027608299401e-01,-2.258336127592621423e-01,-2.114386227576940946e-01,-1.970436327561262413e-01,-1.826486427545584434e-01,-1.682536527529906178e-01,-1.538586627514227922e-01,-1.394636727498547446e-01,-1.250686827482869190e-01,-1.109275449550598813e-01,-9.852710801902661575e-02,-8.612667108299355834e-02,-7.372623414696050093e-02,-6.132579721092743658e-02,-4.892536027489437223e-02,-3.652492333886112053e-02,-2.412448640282806311e-02,-1.172404946679500570e-02,0.000000000000000000e+00,0.000000000000000000e+00,0.000000000000000000e+00,0.000000000000000000e+00,0.000000000000000000e+00,0.000000000000000000e+00,0.000000000000000000e+00,0.000000000000000000e+00,0.000000000000000000e+00,0.000000000000000000e+00,0.000000000000000000e+00,0.000000000000000000e+00,0.000000000000000000e+00,0.000000000000000000e+00,0.000000000000000000e+00,0.000000000000000000e+00,0.000000000000000000e+00,0.000000000000000000e+00,0.000000000000000000e+00,3.635273799014422658e-02,7.634074977930292716e-02,1.163287615684622939e-01,1.563167733576210083e-01,1.963047851467797089e-01,2.362927969359390756e-01,2.762808087250977485e-01,3.162688205142564768e-01,3.562568323034152051e-01,3.843195893240659022e-01,4.100491443247914480e-01,4.357786993255161612e-01,4.615082543262417070e-01,4.872378093269672528e-01,5.129673643276919659e-01,5.386969193284174562e-01,5.644264743291430575e-01,5.901560293298677706e-01,6.126982211481034613e-01,6.342538481717587828e-01,6.558094751954135493e-01,6.773651022190689819e-01,6.989207292427236373e-01,7.204763562663790699e-01,7.420319832900345025e-01,7.635876103136891579e-01,7.851432373373445905e-01,7.981361564380536899e-01,8.072983904153400170e-01,8.164606243926264550e-01,8.256228583699124490e-01,8.347850923471987761e-01,8.439473263244851031e-01,8.531095603017712081e-01,8.622717942790575352e-01,8.714340282563438622e-01,8.799322655841333995e-01,8.880203873342932264e-01,8.961085090844526091e-01,9.041966308346123249e-01,9.122847525847721517e-01,9.203728743349315344e-01,9.284609960850913613e-01,9.365491178352507440e-01,9.446372395854105708e-01,9.509798757674566838e-01,9.558679406427414982e-01,9.607560055180265346e-01,9.656440703933114600e-01,9.705321352685962744e-01,9.754202001438811998e-01,9.803082650191661251e-01,9.851963298944509395e-01,9.900843947697358649e-01,9.930440923967557287e-01,9.938529188622492461e-01,9.946617453277427634e-01,9.954705717932362807e-01,9.962793982587297981e-01,9.970882247242233154e-01,9.978970511897168327e-01,9.987058776552103501e-01,9.995147041207038674e-01,1.000000000000000000e+00,1.000000000000000000e+00,1.000000000000000000e+00,1.000000000000000000e+00,1.000000000000000000e+00,1.000000000000000000e+00,1.000000000000000000e+00,1.000000000000000000e+00,1.000000000000000000e+00,9.997114378732901985e-01,9.988297202638993788e-01,9.979480026545084481e-01,9.970662850451175174e-01,9.961845674357265867e-01,9.953028498263356560e-01,9.944211322169447254e-01,9.935394146075537947e-01,9.926576969981628640e-01,9.915673953678975083e-01,9.898662405336429160e-01,9.881650856993882126e-01,9.864639308651336203e-01,9.847627760308789169e-01,9.830616211966243245e-01,9.813604663623697322e-01,9.796593115281150288e-01,9.779581566938604364e-01,9.763716424124943005e-01,9.753010106191265516e-01,9.742303788257586916e-01,9.731597470323909427e-01,9.720891152390231937e-01,9.710184834456553338e-01,9.699478516522875848e-01,9.688772198589197249e-01,9.678065880655519759e-01,9.658458943554745213e-01,9.566163616589361540e-01,9.473868289623974537e-01,9.381572962658590864e-01,9.289277635693203861e-01,9.196982308727816857e-01,9.104686981762432074e-01,9.012391654797045071e-01,8.920096327831661398e-01,8.829110484148472437e-01,8.772825947443538830e-01,8.716541410738606332e-01,8.660256874033671615e-01,8.603972337328738007e-01,8.547687800623805510e-01,8.491403263918871902e-01,8.435118727213937184e-01,8.378834190509004687e-01,8.322549653804071079e-01,8.240802578583189542e-01,8.158094652852269091e-01,8.075386727121348640e-01,7.992678801390431520e-01,7.909970875659512179e-01,7.827262949928593949e-01,7.744555024197674609e-01,7.661847098466754158e-01,7.579139172735837038e-01,7.521111709918597565e-01,7.466106344600993427e-01,7.411100979283390400e-01,7.356095613965785152e-01,7.301090248648181014e-01,7.246084883330577986e-01,7.191079518012973848e-01,7.136074152695370820e-01,7.081068787377766682e-01,6.877198543483977744e-01,6.640247215462155017e-01,6.403295887440325629e-01,6.166344559418502902e-01,5.929393231396673514e-01,5.692441903374843015e-01,5.455490575353021399e-01,5.218539247331190900e-01,4.981587919309361512e-01,4.925831876460876613e-01,4.931947394403286555e-01,4.938062912345696498e-01,4.944178430288106441e-01,4.950293948230515828e-01,4.956409466172925771e-01,4.962524984115335713e-01,4.968640502057745656e-01,4.974756020000155043e-01,4.835783325203509841e-01,4.626227175560841953e-01,4.416671025918160742e-01,4.207114876275492854e-01,3.997558726632825521e-01,3.788002576990157633e-01,3.578446427347476422e-01,3.368890277704809089e-01,3.159334128062141200e-01,2.930863663084541937e-01,2.689783654550345071e-01,2.448703646016148205e-01,2.207623637481935797e-01,1.966543628947739208e-01,1.725463620413542343e-01,1.484383611879330211e-01,1.243303603345133346e-01,1.002223594810936758e-01,8.366362624002400550e-02,7.387320189278731575e-02,6.408277754555063987e-02,5.429235319831331869e-02,4.450192885107663587e-02,3.471150450383995306e-02,2.492108015660327025e-02,1.513065580936595600e-02,5.340231462129266249e-03,0.000000000000000000e+00,0.000000000000000000e+00,0.000000000000000000e+00,0.000000000000000000e+00,0.000000000000000000e+00,0.000000000000000000e+00,0.000000000000000000e+00,0.000000000000000000e+00,0.000000000000000000e+00,0.000000000000000000e+00,0.000000000000000000e+00,0.000000000000000000e+00,0.000000000000000000e+00,0.000000000000000000e+00,0.000000000000000000e+00,0.000000000000000000e+00,0.000000000000000000e+00,0.000000000000000000e+00,-1.920936314054404181e-02,-8.135730271289171034e-02,-1.435052422852433895e-01,-2.056531818575910442e-01,-2.678011214299387266e-01,-3.299490610022903780e-01,-3.920970005746380327e-01,-4.542449401469856873e-01,-5.163928797193373388e-01,-5.693455705213233964e-01,-5.925905345267589164e-01,-6.158354985321943253e-01,-6.390804625376312886e-01,-6.623254265430668086e-01,-6.855703905485022176e-01,-7.088153545539392919e-01,-7.320603185593747009e-01,-7.553052825648101098e-01,-7.762116341795846086e-01,-7.851650780198625723e-01,-7.941185218601404250e-01,-8.030719657004189438e-01,-8.120254095406967965e-01,-8.209788533809746491e-01,-8.299322972212526128e-01,-8.388857410615310206e-01,-8.478391849018089843e-01,-8.558473546923062170e-01,-8.544027839849941408e-01,-8.529582132776820647e-01,-8.515136425703700995e-01,-8.500690718630579124e-01,-8.486245011557458362e-01,-8.471799304484338711e-01,-8.457353597411216839e-01,-8.442907890338097188e-01,-8.428313136650329440e-01,-8.405669865771600024e-01,-8.383026594892871719e-01,-8.360383324014144524e-01,-8.337740053135415108e-01,-8.315096782256686803e-01,-8.292453511377959607e-01,-8.269810240499231302e-01,-8.247166969620501886e-01,-8.224523698741773581e-01,-8.104551194525093649e-01,-7.978963542231215511e-01,-7.853375889937345145e-01,-7.727788237643474778e-01,-7.602200585349596640e-01,-7.476612933055726273e-01,-7.351025280761855907e-01,-7.225437628467977769e-01,-7.099849976174107402e-01,-7.147560238408701139e-01,-7.220543113178694572e-01,-7.293525987948692446e-01,-7.366508862718685879e-01,-7.439491737488679313e-01,-7.512474612258678297e-01,-7.585457487028671730e-01,-7.658440361798665164e-01,-7.731423236568663038e-01,-7.714817740213347763e-01,-7.675815151076705867e-01,-7.636812561940062860e-01,-7.597809972803420964e-01,-7.558807383666780177e-01,-7.519804794530136061e-01,-7.480802205393495274e-01,-7.441799616256854488e-01,-7.402797027120210371e-01,-7.367179393370831830e-01,-7.332831117891674966e-01,-7.298482842412519211e-01,-7.264134566933361237e-01,-7.229786291454204372e-01,-7.195438015975048618e-01,-7.161089740495890643e-01,-7.126741465016733779e-01,-7.092393189537578024e-01,-7.120159318668278781e-01,-7.180708050231957573e-01,-7.241256781795636366e-01,-7.301805513359319599e-01,-7.362354244922998392e-01,-7.422902976486677185e-01,-7.483451708050355977e-01,-7.544000439614038100e-01,-7.604549171177716893e-01,-7.679664284719794898e-01,-7.765248985308852436e-01,-7.850833685897905534e-01,-7.936418386486958632e-01,-8.022003087076016170e-01,-8.107587787665069268e-01,-8.193172488254121255e-01,-8.278757188843179904e-01,-8.364341889432231891e-01,-8.453527389063771880e-01,-8.546185087772003586e-01,-8.638842786480228630e-01,-8.731500485188452565e-01,-8.824158183896684271e-01,-8.916815882604909316e-01,-9.009473581313134360e-01,-9.102131280021358295e-01,-9.194788978729590001e-01,-9.258723948163730677e-01,-9.285558725618846543e-01,-9.312393503073964629e-01,-9.339228280529080495e-01,-9.366063057984197471e-01,-9.392897835439315557e-01,-9.419732612894431423e-01,-9.446567390349547289e-01,-9.473402167804665375e-01,-9.500663555191093401e-01,-9.528671509957316044e-01,-9.556679464723539796e-01,-9.584687419489764659e-01,-9.612695374255987302e-01,-9.640703329022209944e-01,-9.668711283788434807e-01,-9.696719238554658560e-01,-9.724727193320881202e-01,-9.743305404032666095e-01,-9.738898613611757238e-01,-9.734491823190847271e-01,-9.730085032769937303e-01,-9.725678242349027336e-01,-9.721271451928118479e-01,-9.716864661507208512e-01,-9.712457871086298544e-01,-9.708051080665388577e-01,-9.711200471411288726e-01,-9.741426178004916059e-01,-9.771651884598544502e-01,-9.801877591192171835e-01,-9.832103297785801388e-01,-9.862329004379429831e-01,-9.892554710973057164e-01,-9.922780417566686717e-01,-9.953006124160315160e-01,-9.979174677136471994e-01,-9.981507452609983400e-01,-9.983840228083494805e-01,-9.986173003557006211e-01,-9.988505779030517617e-01,-9.990838554504027913e-01,-9.993171329977539319e-01,-9.995504105451050725e-01,-9.997836880924562131e-01,-9.876392041051097470e-01,-8.176782605503447598e-01,-6.477173169955686705e-01,-4.777563734408035723e-01,-3.077954298860384741e-01,-1.378344863312623847e-01,3.212645722350271349e-02,2.020874007782678117e-01,3.720483443330437900e-01,5.420092878878088882e-01,1.300000000000000044e+00
-1.000000000000000000e+00,-9.903482775222526291e-01,-9.806965550445052582e-01,-9.710448325667579983e-01,-9.613931100890106274e-01,-9.517413876112632565e-01,-9.420896651335158856e-01,-9.324379426557685147e-01,-9.227862201780211437e-01,-9.131344977002737728e-01,-8.967005705810977556e-01,-8.702548175626696469e-01,-8.438090645442415383e-01,-8.173633115258134296e-01,-7.909175585073853210e-01,-7.644718054889573233e-01,-7.380260524705292147e-01,-7.115802994521011060e-01,-6.851345464336729973e-01,-6.586887934152449997e-01,-6.601585999642334279e-01,-6.682749683149877828e-01,-6.763913366657421378e-01,-6.845077050164964927e-01,-6.926240733672508476e-01,-7.007404417180053136e-01,-7.088568100687596685e-01,-7.169731784195140234e-01,-7.250895467702683783e-01,-7.301986280542235308e-01,-7.240987302710175655e-01,-7.179988324878117112e-01,-7.118989347046058569e-01,-7.057990369213998916e-01,-6.996991391381940373e-01,-6.935992413549880720e-01,-6.874993435717822177e-01,-6.813994457885762523e-01,-6.752995480053703981e-01,-6.670888522343063620e-01,-6.575589077208310318e-01,-6.480289632073555905e-01,-6.384990186938801493e-01,-6.289690741804048191e-01,-6.194391296669294888e-01,-6.099091851534540476e-01,-6.003792406399787174e-01,-5.908492961265032761e-01,-5.813803769283136802e-01,-5.750237488096976435e-01,-5.686671206910814957e-01,-5.623104925724654590e-01,-5.559538644538494223e-01,-5.495972363352333856e-01,-5.432406082166173489e-01,-5.368839800980012011e-01,-5.305273519793851644e-01,-5.241707238607691277e-01,-5.095579768862121828e-01,-4.836868860171902873e-01,-4.578157951481683918e-01,-4.319447042791463298e-01,-4.060736134101244343e-01,-3.802025225411023168e-01,-3.543314316720804769e-01,-3.284603408030586369e-01,-3.025892499340365194e-01,-2.767181590650146239e-01,-2.697201468844928618e-01,-2.666723139643549789e-01,-2.636244810442170960e-01,-2.605766481240792132e-01,-2.575288152039413858e-01,-2.544809822838035029e-01,-2.514331493636656201e-01,-2.483853164435277372e-01,-2.453374835233898821e-01,-2.398491708299872460e-01,-2.262259255590352292e-01,-2.126026802880834621e-01,-1.989794350171314452e-01,-1.853561897461794283e-01,-1.717329444752276335e-01,-1.581096992042756444e-01,-1.444864539333235998e-01,-1.308632086623718327e-01,-1.172399633914198158e-01,-1.098640741140551741e-01,-1.060851473784531068e-01,-1.023062206428509840e-01,-9.852729390724884739e-02,-9.474836717164672462e-02,-9.096944043604465735e-02,-8.719051370044252069e-02,-8.341158696484039792e-02,-7.963266022923833065e-02,-7.569447131126572081e-02,-6.777472783403064305e-02,-5.985498435679569712e-02,-5.193524087956061241e-02,-4.401549740232553465e-02,-3.609575392509058872e-02,-2.817601044785550402e-02,-2.025626697062041931e-02,-1.233652349338533460e-02,-4.416780016150395616e-03,2.591457893276875347e-03,8.450406173729036949e-03,1.430935445418109707e-02,2.016830273463325954e-02,2.602725101508542027e-02,3.188619929553748039e-02,3.774514757598964459e-02,4.360409585644180186e-02,4.946304413689386892e-02,5.532199241734602618e-02,9.231568318172438115e-02,1.349702362159071189e-01,1.776247892500905645e-01,2.202793422842740378e-01,2.629338953184567895e-01,3.055884483526402073e-01,3.482430013868236807e-01,3.908975544210071540e-01,4.335521074551898502e-01,4.702560260738874454e-01,4.891080414461265735e-01,5.079600568183653131e-01,5.268120721906044412e-01,5.456640875628435694e-01,5.645161029350823645e-01,5.833681183073214926e-01,6.022201336795606208e-01,6.210721490517994159e-01,6.399241644240385440e-01,6.564253991798112420e-01,6.716821030209840782e-01,6.869388068621566923e-01,7.021955107033295285e-01,7.174522145445024757e-01,7.327089183856749788e-01,7.479656222268479260e-01,7.632223260680207622e-01,7.784790299091933763e-01,7.934157250703635089e-01,8.031256117914874482e-01,8.128354985126112764e-01,8.225453852337352156e-01,8.322552719548591549e-01,8.419651586759829831e-01,8.516750453971069224e-01,8.613849321182308616e-01,8.710948188393546898e-01,8.808047055604786291e-01,8.864125116711230046e-01,8.872345570695407968e-01,8.880566024679585890e-01,8.888786478663763813e-01,8.897006932647942845e-01,8.905227386632120767e-01,8.913447840616299800e-01,8.921668294600477722e-01,8.929888748584655644e-01,8.938109202568834677e-01,8.985299979219391053e-01,9.038552806062498668e-01,9.091805632905605172e-01,9.145058459748712787e-01,9.198311286591819291e-01,9.251564113434926906e-01,9.304816940278031190e-01,9.358069767121138804e-01,9.411322593964245309e-01,9.458850998061885118e-01,9.490841683278971042e-01,9.522832368496056965e-01,9.554823053713141778e-01,9.586813738930227702e-01,9.618804424147312515e-01,9.650795109364398439e-01,9.682785794581484362e-01,9.714776479798570286e-01,9.746767165015656209e-01,9.772375497404792721e-01,9.794883829848928247e-01,9.817392162293063773e-01,9.839900494737199299e-01,9.862408827181333715e-01,9.884917159625469241e-01,9.907425492069603656e-01,9.929933824513739182e-01,9.952442156957874708e-01,9.973433755933727163e-01,9.976224553290183872e-01,9.979015350646640581e-01,9.981806148003098400e-01,9.984596945359555109e-01,9.987387742716011818e-01,9.990178540072468527e-01,9.992969337428925236e-01,9.995760134785383055e-01,9.998550932141839764e-01,9.985756753376359152e-01,9.956130800399185521e-01,9.926504847422011890e-01,9.896878894444838259e-01,9.867252941467664629e-01,9.837626988490490998e-01,9.808001035513316257e-01,9.778375082536143736e-01,9.748749129558970106e-01,9.719123176581796475e-01,9.630426273361082368e-01,9.534024463586862064e-01,9.437622653812642870e-01,9.341220844038425897e-01,9.244819034264205593e-01,9.148417224489986399e-01,9.052015414715766095e-01,8.955613604941545791e-01,8.859211795167326597e-01,8.780725761704393229e-01,8.746431976475962378e-01,8.712138191247531527e-01,8.677844406019100676e-01,8.643550620790669825e-01,8.609256835562240084e-01,8.574963050333809234e-01,8.540669265105379493e-01,8.506375479876948642e-01,8.472081694648517791e-01,8.361215872637494106e-01,8.216318034278649041e-01,8.071420195919803975e-01,7.926522357560964460e-01,7.781624519202119394e-01,7.636726680843274329e-01,7.491828842484429263e-01,7.346931004125584197e-01,7.202033165766739131e-01,7.053726455616371460e-01,6.873376350625622910e-01,6.693026245634874360e-01,6.512676140644125811e-01,6.332326035653377261e-01,6.151975930662628711e-01,5.971625825671880161e-01,5.791275720681138273e-01,5.610925615690389723e-01,5.430575510699641173e-01,5.275645879409271988e-01,5.146136721819284388e-01,5.016627564229295677e-01,4.887118406639312518e-01,4.757609249049324363e-01,4.628100091459336207e-01,4.498590933869348052e-01,4.369081776279359897e-01,4.239572618689372296e-01,4.110063461099383586e-01,4.041992590357081361e-01,3.980457707577296222e-01,3.918922824797511084e-01,3.857387942017725946e-01,3.795853059237940808e-01,3.734318176458155669e-01,3.672783293678372751e-01,3.611248410898587613e-01,3.549713528118802475e-01,3.493415260894929264e-01,3.448899378671860805e-01,3.404383496448791790e-01,3.359867614225722776e-01,3.315351732002655427e-01,3.270835849779586413e-01,3.226319967556517398e-01,3.181804085333448384e-01,3.137288203110379370e-01,3.092772320887310356e-01,2.851559548835792546e-01,2.530604794421373871e-01,2.209650040006955196e-01,1.888695285592536521e-01,1.567740531178117569e-01,1.246785776763698894e-01,9.258310223492910440e-02,6.048762679348723692e-02,2.839215135204536944e-02,0.000000000000000000e+00,0.000000000000000000e+00,0.000000000000000000e+00,0.000000000000000000e+00,0.000000000000000000e+00,0.000000000000000000e+00,0.000000000000000000e+00,0.000000000000000000e+00,0.000000000000000000e+00,0.000000000000000000e+00,0.000000000000000000e+00,0.000000000000000000e+00,0.000000000000000000e+00,0.000000000000000000e+00,0.000000000000000000e+00,0.000000000000000000e+00,0.000000000000000000e+00,0.000000000000000000e+00,0.000000000000000000e+00,0.000000000000000000e+00,-1.704076937701919439e-02,-3.550160286878978333e-02,-5.396243636056162474e-02,-7.242326985233221714e-02,-9.088410334410405855e-02,-1.093449368358746371e-01,-1.278057703276452295e-01,-1.462666038194170848e-01,-1.647274373111876633e-01,-1.842260840325672111e-01,-2.058614050501965942e-01,-2.274967260678274483e-01,-2.491320470854568314e-01,-2.707673681030862145e-01,-2.924026891207170964e-01,-3.140380101383464795e-01,-3.356733311559773059e-01,-3.573086521736067445e-01,-3.789439731912375708e-01,-3.977551196519890642e-01,-4.155257807496803291e-01,-4.332964418473728152e-01,-4.510671029450640801e-01,-4.688377640427565107e-01,-4.866084251404477756e-01,-5.043790862381389850e-01,-5.221497473358315267e-01,-5.399204084335227360e-01,-5.556963807458648041e-01,-5.586493537238097495e-01,-5.616023267017548060e-01,-5.645552996796997514e-01,-5.675082726576446968e-01,-5.704612456355898642e-01,-5.734142186135346986e-01,-5.763671915914798660e-01,-5.793201645694248114e-01,-5.822731375473699789e-01,-5.871598332176721780e-01,-5.937040054814236578e-01,-6.002481777451755818e-01,-6.067923500089270616e-01,-6.133365222726790966e-01,-6.198806945364305765e-01,-6.264248668001820564e-01,-6.329690390639339803e-01,-6.395132113276854602e-01,-6.460573835914373841e-01,-6.524855786816241565e-01,-6.589066731285319056e-01,-6.653277675754392106e-01,-6.717488620223465157e-01,-6.781699564692542648e-01,-6.845910509161615698e-01,-6.910121453630693189e-01,-6.974332398099767349e-01,-7.038543342568844841e-01,-7.070301170831344573e-01,-7.040758668481423843e-01,-7.011216166131502003e-01,-6.981673663781581274e-01,-6.952131161431659434e-01,-6.922588659081738705e-01,-6.893046156731816865e-01,-6.863503654381896135e-01,-6.833961152031975406e-01,-6.804418649682053566e-01,-6.778304056831319091e-01,-6.753332100480312628e-01,-6.728360144129307274e-01,-6.703388187778301921e-01,-6.678416231427295457e-01,-6.653444275076290104e-01,-6.628472318725283641e-01,-6.603500362374278287e-01,-6.578528406023271824e-01,-6.565754135721417750e-01,-6.620067138689909036e-01,-6.674380141658403653e-01,-6.728693144626894940e-01,-6.783006147595389557e-01,-6.837319150563880843e-01,-6.891632153532375460e-01,-6.945945156500865636e-01,-7.000258159469356922e-01,-7.054571162437851539e-01,-7.099459504589467063e-01,-7.136873115748388896e-01,-7.174286726907307399e-01,-7.211700338066227012e-01,-7.249113949225148845e-01,-7.286527560384067348e-01,-7.323941171542989181e-01,-7.361354782701908794e-01,-7.398768393860830628e-01,-7.436182005019749131e-01,-7.526486917170230884e-01,-7.618907481360382983e-01,-7.711328045550528421e-01,-7.803748609740680520e-01,-7.896169173930827068e-01,-7.988589738120979167e-01,-8.081010302311124605e-01,-8.173430866501270042e-01,-8.265851430691422141e-01,-8.347141232418641144e-01,-8.409098657236567798e-01,-8.471056082054490011e-01,-8.533013506872416665e-01,-8.594970931690338878e-01,-8.656928356508261091e-01,-8.718885781326187745e-01,-8.780843206144109958e-01,-8.842800630962036612e-01,-8.904758055779958825e-01,-8.964805027086986122e-01,-9.024278862340748830e-01,-9.083752697594508208e-01,-9.143226532848270915e-01,-9.202700368102030293e-01,-9.262174203355793001e-01,-9.321648038609551268e-01,-9.381121873863310645e-01,-9.440595709117073353e-01,-9.489775995961530208e-01,-9.489775995961530208e-01,-9.489775995961530208e-01,-9.489775995961530208e-01,-9.489775995961530208e-01,-9.489775995961530208e-01,-9.489775995961530208e-01,-9.489775995961530208e-01,-9.489775995961530208e-01,-9.489775995961530208e-01,-9.490127886799207824e-01,-9.490737830917849172e-01,-9.491347775036490519e-01,-9.491957719155132978e-01,-9.492567663273774325e-01,-9.493177607392415673e-01,-9.493787551511057021e-01,-9.494397495629698369e-01,-9.495007439748340827e-01,-9.495617383866982175e-01,-9.531666272592780320e-01,-9.568410042585384634e-01,-9.605153812577991168e-01,-9.641897582570595482e-01,-9.678641352563199796e-01,-9.715385122555806330e-01,-9.752128892548410644e-01,-9.788872662541017178e-01,-9.825616432533621492e-01,-9.854311030059893506e-01,-9.870126951640030288e-01,-9.885942873220167071e-01,-9.901758794800303853e-01,-9.917574716380440636e-01,-9.933390637960577418e-01,-9.949206559540714201e-01,-9.965022481120850983e-01,-9.980838402700987766e-01,-9.996654324281124548e-01,-1.000000000000000000e+00,-1.000000000000000000e+00,-1.000000000000000000e+00,-1.000000000000000000e+00,-1.000000000000000000e+00,-1.000000000000000000e+00,-1.000000000000000000e+00,-1.000000000000000000e+00,-1.000000000000000000e+00,-9.979240549272563321e-01,-9.871291405489851511e-01,-9.763342261707146363e-01,-9.655393117924434554e-01,-9.547443974141730516e-01,-9.439494830359018707e-01,-9.331545686576314669e-01,-9.223596542793609521e-01,-9.115647399010897711e-01,-9.007698255228193673e-01,-9.027106088311595000e-01,-9.132788002497854718e-01,-9.238469916684121097e-01,-9.344151830870379705e-01,-9.449833745056639422e-01,-9.555515659242905802e-01,-9.661197573429164409e-01,-9.766879487615430788e-01,-9.872561401801690506e-01,-9.978243315987956885e-01,9.000000000000000222e-01
-1.000000000000000000e+00,-1.000000000000000000e+00,-1.000000000000000000e+00,-1.000000000000000000e+00,-1.000000000000000000e+00,-1.000000000000000000e+00,-1.000000000000000000e+00,-1.000000000000000000e+00,-1.000000000000000000e+00,-1.000000000000000000e+00,-1.000000000000000000e+00,-1.000000000000000000e+00,-1.000000000000000000e+00,-1.000000000000000000e+00,-1.000000000000000000e+00,-1.000000000000000000e+00,-1.000000000000000000e+00,-9.999323500858595670e-01,-9.991340810990022581e-01,-9.983358121121448381e-01,-9.975375431252875291e-01,-9.967392741384302202e-01,-9.959410051515728002e-01,-9.951427361647154912e-01,-9.943444671778581823e-01,-9.935461981910007623e-01,-9.903262444731375513e-01,-9.856663701044058312e-01,-9.810064957356741111e-01,-9.763466213669423910e-01,-9.716867469982106709e-01,-9.670268726294789507e-01,-9.623669982607472306e-01,-9.577071238920155105e-01,-9.529576309977663140e-01,-9.477690073284815719e-01,-9.425803836591967189e-01,-9.373917599899119768e-01,-9.322031363206272347e-01,-9.270145126513423817e-01,-9.218258889820576396e-01,-9.166372653127728976e-01,-9.114486416434880445e-01,-9.101082831978132281e-01,-9.103255559140758235e-01,-9.105428286303384189e-01,-9.107601013466010142e-01,-9.109773740628636096e-01,-9.111946467791262050e-01,-9.114119194953888003e-01,-9.116291922116513957e-01,-9.089396938558704786e-01,-8.977236670220947179e-01,-8.865076401883190682e-01,-8.752916133545433075e-01,-8.640755865207676578e-01,-8.528595596869918971e-01,-8.416435328532162474e-01,-8.304275060194404867e-01,-8.192114791856648370e-01,-8.007695431717793966e-01,-7.804826941757382341e-01,-7.601958451796971827e-01,-7.399089961836560203e-01,-7.196221471876148579e-01,-6.993352981915736954e-01,-6.790484491955326440e-01,-6.587616001994914816e-01,-6.359516376988200159e-01,-6.082216038641187206e-01,-5.804915700294174252e-01,-5.527615361947161299e-01,-5.250315023600149456e-01,-4.973014685253136502e-01,-4.695714346906123549e-01,-4.418414008559110595e-01,-4.141113670212097642e-01,-3.933682466439502035e-01,-3.735656723090386433e-01,-3.537630979741270831e-01,-3.339605236392155785e-01,-3.141579493043040183e-01,-2.943553749693924582e-01,-2.745528006344808980e-01,-2.547502262995693378e-01,-2.419854332261575647e-01,-2.387920226683858949e-01,-2.355986121106141973e-01,-2.324052015528424997e-01,-2.292117909950708021e-01,-2.260183804372991045e-01,-2.228249698795274347e-01,-2.196315593217557371e-01,-2.164381487639840396e-01,-1.916188671761866746e-01,-1.660407830961074804e-01,-1.404626990160283140e-01,-1.148846149359491198e-01,-8.930653085586992557e-02,-6.372844677579075912e-02,-3.815036269571156491e-02,-1.257227861563237070e-02,0.000000000000000000e+00,0.000000000000000000e+00,0.000000000000000000e+00,0.000000000000000000e+00,0.000000000000000000e+00,0.000000000000000000e+00,0.000000000000000000e+00,0.000000000000000000e+00,0.000000000000000000e+00,0.000000000000000000e+00,0.000000000000000000e+00,0.000000000000000000e+00,0.000000000000000000e+00,0.000000000000000000e+00,0.000000000000000000e+00,0.000000000000000000e+00,0.000000000000000000e+00,1.584208219440834051e-02,4.254730646498275370e-02,6.925253073555716343e-02,9.595775500613158704e-02,1.226629792767059968e-01,1.493682035472804204e-01,1.760734278178548162e-01,2.027786520884292398e-01,2.300164730460362572e-01,2.606495978834761917e-01,2.912827227209162095e-01,3.219158475583561718e-01,3.525489723957961341e-01,3.831820972332361519e-01,4.138152220706761142e-01,4.444483469081160765e-01,4.750814717455560388e-01,4.952248275367791552e-01,5.103855430310494379e-01,5.255462585253196650e-01,5.407069740195898921e-01,5.558676895138601193e-01,5.710284050081303464e-01,5.861891205024005735e-01,6.013498359966709117e-01,6.178738330778104082e-01,6.392217496201800797e-01,6.605696661625498622e-01,6.819175827049196448e-01,7.032654992472894273e-01,7.246134157896592098e-01,7.459613323320289924e-01,7.673092488743987749e-01,7.886571654167685574e-01,8.036048937861448582e-01,8.165614525017007574e-01,8.295180112172566567e-01,8.424745699328125559e-01,8.554311286483684551e-01,8.683876873639243543e-01,8.813442460794802535e-01,8.943008047950361528e-01,9.050230831115090302e-01,9.106561671856258089e-01,9.162892512597425876e-01,9.219223353338592553e-01,9.275554194079760340e-01,9.331885034820927016e-01,9.388215875562094803e-01,9.444546716303262590e-01,9.500877557044429267e-01,9.536355845840698287e-01,9.568080675286885217e-01,9.599805504733072148e-01,9.631530334179259079e-01,9.663255163625446009e-01,9.694979993071632940e-01,9.726704822517819871e-01,9.758429651964006801e-01,9.786556797229846172e-01,9.809052784648182310e-01,9.831548772066518449e-01,9.854044759484854588e-01,9.876540746903191836e-01,9.899036734321527975e-01,9.921532721739864114e-01,9.944028709158200252e-01,9.966524696576537501e-01,9.965835893489383146e-01,9.963460923820012249e-01,9.961085954150640243e-01,9.958710984481268236e-01,9.956336014811896229e-01,9.953961045142525332e-01,9.951586075473153326e-01,9.949211105803781319e-01,9.950436278294924053e-01,9.955647322463777593e-01,9.960858366632632244e-01,9.966069410801486894e-01,9.971280454970340434e-01,9.976491499139195085e-01,9.981702543308048625e-01,9.986913587476903276e-01,9.992052268164109963e-01,9.992993866915751422e-01,9.993935465667392881e-01,9.994877064419034340e-01,9.995818663170675800e-01,9.996760261922318369e-01,9.997701860673959828e-01,9.998643459425601288e-01,9.999585058177242747e-01,1.000000000000000000e+00,1.000000000000000000e+00,1.000000000000000000e+00,1.000000000000000000e+00,1.000000000000000000e+00,1.000000000000000000e+00,1.000000000000000000e+00,1.000000000000000000e+00,9.999446923663704023e-01,9.994008339690122478e-01,9.988569755716540932e-01,9.983131171742959387e-01,9.977692587769377841e-01,9.972254003795796296e-01,9.966815419822214750e-01,9.961376835848633204e-01,9.955938251875051659e-01,9.939660000974824827e-01,9.917391407825663086e-01,9.895122814676501344e-01,9.872854221527339602e-01,9.850585628378177860e-01,9.828317035229016119e-01,9.806048442079854377e-01,9.783779848930692635e-01,9.762610352109500900e-01,9.746236911992179897e-01,9.729863471874857783e-01,9.713490031757536780e-01,9.697116591640214667e-01,9.680743151522893664e-01,9.664369711405571550e-01,9.647996271288250547e-01,9.631622831170928434e-01,9.528361681544882389e-01,9.392770221403958786e-01,9.257178761263035183e-01,9.121587301122111580e-01,8.985995840981187976e-01,8.850404380840264373e-01,8.714812920699340770e-01,8.579221460558417167e-01,8.459612820581247083e-01,8.382958009794169163e-01,8.306303199007090132e-01,8.229648388220012212e-01,8.152993577432934291e-01,8.076338766645856371e-01,7.999683955858777340e-01,7.923029145071699419e-01,7.846374334284621499e-01,7.673126916551076260e-01,7.477743693058963581e-01,7.282360469566850902e-01,7.086977246074739334e-01,6.891594022582626655e-01,6.696210799090513976e-01,6.500827575598402408e-01,6.305444352106289729e-01,6.128376133584034768e-01,5.984449352626292074e-01,5.840522571668539387e-01,5.696595790710796692e-01,5.552669009753045115e-01,5.408742228795301310e-01,5.264815447837549733e-01,5.120888666879805928e-01,4.976961885922054352e-01,4.812851574332459581e-01,4.646456334746795203e-01,4.480061095161140816e-01,4.313665855575476993e-01,4.147270615989822606e-01,3.980875376404158228e-01,3.814480136818503841e-01,3.648084897232839463e-01,3.511387378036301410e-01,3.412383119333639581e-01,3.313378860630983302e-01,3.214374601928321473e-01,3.115370343225665750e-01,3.016366084523003366e-01,2.917361825820347643e-01,2.818357567117685814e-01,2.719353308415029535e-01,2.768987114558033036e-01,2.821183645956998887e-01,2.873380177355968623e-01,2.925576708754934474e-01,2.977773240153903656e-01,3.029969771552870061e-01,3.082166302951839243e-01,3.134362834350805649e-01,3.082365232149690826e-01,2.936256799600110989e-01,2.790148367050522826e-01,2.644039934500942990e-01,2.497931501951354827e-01,2.351823069401775268e-01,2.205714636852186827e-01,2.059606204302607269e-01,1.918448722541065410e-01,1.845366814115179666e-01,1.772284905689289480e-01,1.699202997263403736e-01,1.626121088837513551e-01,1.553039180411627806e-01,1.479957271985737899e-01,1.406875363559852155e-01,1.333793455133961969e-01,1.211133676541806398e-01,1.056799147565632840e-01,9.024646185894685813e-02,7.481300896132950240e-02,5.937955606371307649e-02,4.394610316609572076e-02,2.851265026847928097e-02,1.307919737086192524e-02,0.000000000000000000e+00,0.000000000000000000e+00,0.000000000000000000e+00,0.000000000000000000e+00,0.000000000000000000e+00,0.000000000000000000e+00,0.000000000000000000e+00,0.000000000000000000e+00,0.000000000000000000e+00,0.000000000000000000e+00,0.000000000000000000e+00,0.000000000000000000e+00,0.000000000000000000e+00,0.000000000000000000e+00,0.000000000000000000e+00,0.000000000000000000e+00,0.000000000000000000e+00,0.000000000000000000e+00,0.000000000000000000e+00,0.000000000000000000e+00,0.000000000000000000e+00,0.000000000000000000e+00,0.000000000000000000e+00,0.000000000000000000e+00,0.000000000000000000e+00,0.000000000000000000e+00,-4.410958903661137132e-02,-1.006849314966174330e-01,-1.572602739566200947e-01,-2.138356164166261286e-01,-2.704109588766288041e-01,-3.269863013366348659e-01,-3.835616437966374859e-01,-4.401369862566435476e-01,-4.831989557254154355e-01,-4.978117188968566031e-01,-5.124244820682968271e-01,-5.270372452397380503e-01,-5.416500084111782742e-01,-5.562627715826193864e-01,-5.708755347540597214e-01,-5.854882979255008335e-01,-6.001010610969411685e-01,-6.038044450939790142e-01,-6.057965539264039689e-01,-6.077886627588290347e-01,-6.097807715912541004e-01,-6.117728804236791662e-01,-6.137649892561041209e-01,-6.157570980885292977e-01,-6.177492069209542525e-01,-6.189628189796738678e-01,-6.190411232434060995e-01,-6.191194275071383313e-01,-6.191977317708705630e-01,-6.192760360346027948e-01,-6.193543402983351376e-01,-6.194326445620673693e-01,-6.195109488257996011e-01,-6.195892530895318329e-01,-6.294873639561514578e-01,-6.399115358907835338e-01,-6.503357078254150547e-01,-6.607598797600471308e-01,-6.711840516946786517e-01,-6.816082236293107277e-01,-6.920323955639422486e-01,-7.024565674985743247e-01,-7.123858762181501936e-01,-7.218032574738759699e-01,-7.312206387296010801e-01,-7.406380199853268564e-01,-7.500554012410520777e-01,-7.594727824967777430e-01,-7.688901637525029642e-01,-7.783075450082286295e-01,-7.876144956343587022e-01,-7.937741733170253777e-01,-7.999338509996916091e-01,-8.060935286823581736e-01,-8.122532063650244050e-01,-8.184128840476909694e-01,-8.245725617303573118e-01,-8.307322394130238763e-01,-8.368919170956901077e-01,-8.441564539356695152e-01,-8.522333872148489808e-01,-8.603103204940290016e-01,-8.683872537732084673e-01,-8.764641870523884881e-01,-8.845411203315679538e-01,-8.926180536107479746e-01,-9.006949868899274403e-01,-9.080505427137078867e-01,-9.100472945830907490e-01,-9.120440464524738333e-01,-9.140407983218568067e-01,-9.160375501912398910e-01,-9.180343020606228643e-01,-9.200310539300058377e-01,-9.220278057993888110e-01,-9.240245576687718954e-01,-9.217495502210153457e-01,-9.172838969695970013e-01,-9.128182437181789899e-01,-9.083525904667607564e-01,-9.038869372153427451e-01,-8.994212839639244006e-01,-8.949556307125063892e-01,-8.904899774610881558e-01,-8.858781522217950011e-01,-8.806938200299906372e-01,-8.755094878381866064e-01,-8.703251556463822425e-01,-8.651408234545781006e-01,-8.599564912627737368e-01,-8.547721590709697059e-01,-8.495878268791653420e-01,-8.444034946873613112e-01,-8.524486024047206456e-01,-8.650037464547494226e-01,-8.775588905047788657e-01,-8.901140345548075317e-01,-9.026691786048370858e-01,-9.152243226548657518e-01,-9.277794667048951949e-01,-9.403346107549239719e-01,-9.486719715896004823e-01,-9.465889268334045648e-01,-9.445058820772085362e-01,-9.424228373210126186e-01,-9.403397925648167011e-01,-9.382567478086207835e-01,-9.361737030524247549e-01,-9.340906582962288374e-01,-9.320076135400328088e-01,-9.354959113698603224e-01,-9.401212178907133454e-01,-9.447465244115660354e-01,-9.493718309324190585e-01,-9.539971374532717485e-01,-9.586224439741247716e-01,-9.632477504949775726e-01,-9.678730570158304847e-01,-9.695639081445692753e-01,-9.663195388411158770e-01,-9.630751695376627008e-01,-9.598308002342091916e-01,-9.565864309307560154e-01,-9.533420616273025061e-01,-9.500976923238493299e-01,-9.468533230203958206e-01,-9.436089537169426444e-01,-9.272227868143488871e-01,-9.096197868007241949e-01,-8.920167867870985035e-01,-8.744137867734739222e-01,-8.568107867598482308e-01,-8.392077867462235385e-01,-8.216047867325979581e-01,-8.040017867189732659e-01,-8.039973923338111783e-01,-8.248506046194208352e-01,-8.457038169050318244e-01,-8.665570291906414813e-01,-8.874102414762523594e-01,-9.082634537618620163e-01,-9.291166660474728944e-01,-9.499698783330825513e-01,-9.708230906186934295e-01,1.200000000000000178e+00
-1.000000000000000000e+00,-9.997315810716824735e-01,-9.994631621433649471e-01,-9.991947432150474206e-01,-9.989263242867298942e-01,-9.986579053584123677e-01,-9.983894864300947303e-01,-9.981210675017772038e-01,-9.978526485734596774e-01,-9.945230388290384749e-01,-9.865350952340247170e-01,-9.785471516390109592e-01,-9.705592080439972014e-01,-9.625712644489834435e-01,-9.545833208539696857e-01,-9.465953772589559279e-01,-9.386074336639421700e-01,-9.306194900689284122e-01,-9.212114342846701165e-01,-9.114329144510435743e-01,-9.016543946174170321e-01,-8.918758747837904899e-01,-8.820973549501639477e-01,-8.723188351165375165e-01,-8.625403152829109743e-01,-8.527617954492844321e-01,-8.438456944422135786e-01,-8.386144738758805062e-01,-8.333832533095474338e-01,-8.281520327432144724e-01,-8.229208121768813999e-01,-8.176895916105483275e-01,-8.124583710442152551e-01,-8.072271504778821827e-01,-8.019959299115491103e-01,-7.972767278004159186e-01,-7.929189504811885447e-01,-7.885611731619611708e-01,-7.842033958427337970e-01,-7.798456185235064231e-01,-7.754878412042790492e-01,-7.711300638850515643e-01,-7.667722865658241904e-01,-7.624145092465968165e-01,-7.457838856246075121e-01,-7.289379489095875186e-01,-7.120920121945673031e-01,-6.952460754795473097e-01,-6.784001387645270942e-01,-6.615542020495069897e-01,-6.447082653344869962e-01,-6.278623286194667807e-01,-6.098537155296986922e-01,-5.899425410994334484e-01,-5.700313666691682046e-01,-5.501201922389031829e-01,-5.302090178086379391e-01,-5.102978433783726953e-01,-4.903866689481076735e-01,-4.704754945178424297e-01,-4.505643200875771859e-01,-4.500524761288267617e-01,-4.551448831951804275e-01,-4.602372902615340378e-01,-4.653296973278877036e-01,-4.704221043942413694e-01,-4.755145114605949797e-01,-4.806069185269486455e-01,-4.856993255933022557e-01,-4.898808691729401033e-01,-4.896902680163420229e-01,-4.894996668597439426e-01,-4.893090657031459179e-01,-4.891184645465478376e-01,-4.889278633899497573e-01,-4.887372622333516770e-01,-4.885466610767536522e-01,-4.883560599201555719e-01,-4.901885938946851651e-01,-4.935538059988568427e-01,-4.969190181030285758e-01,-5.002842302072003644e-01,-5.036494423113720975e-01,-5.070146544155437196e-01,-5.103798665197154527e-01,-5.137450786238871858e-01,-5.171102907280589189e-01,-4.999290440371687572e-01,-4.820139952464550515e-01,-4.640989464557416233e-01,-4.461838976650279176e-01,-4.282688488743142119e-01,-4.103538000836005617e-01,-3.924387512928868560e-01,-3.745237025021734278e-01,-3.626433072982778727e-01,-3.613953969854429293e-01,-3.601474866726079305e-01,-3.588995763597729871e-01,-3.576516660469380438e-01,-3.564037557341031004e-01,-3.551558454212681015e-01,-3.539079351084331582e-01,-3.526600247955982148e-01,-3.403569554878023706e-01,-3.245363355907007197e-01,-3.087157156935990687e-01,-2.928950957964973623e-01,-2.770744758993957113e-01,-2.612538560022940604e-01,-2.454332361051926314e-01,-2.296126162080909527e-01,-2.132928472362622119e-01,-1.942554888575861727e-01,-1.752181304789101335e-01,-1.561807721002343718e-01,-1.371434137215583327e-01,-1.181060553428822935e-01,-9.906869696420624039e-02,-8.003133858553018731e-02,-6.099398020685414812e-02,-4.909582414653357318e-02,-4.299826996987628214e-02,-3.690071579321898415e-02,-3.080316161656169310e-02,-2.470560743990440206e-02,-1.860805326324720121e-02,-1.251049908658991017e-02,-6.412944909932619120e-03,-3.153907332753211334e-04,0.000000000000000000e+00,0.000000000000000000e+00,0.000000000000000000e+00,0.000000000000000000e+00,0.000000000000000000e+00,0.000000000000000000e+00,0.000000000000000000e+00,0.000000000000000000e+00,2.548277195950704455e-02,9.938281064207567239e-02,1.732828493246465484e-01,2.471828880072151624e-01,3.210829266897860523e-01,3.949829653723546663e-01,4.688830040549232803e-01,5.427830427374942257e-01,6.166830814200627842e-01,6.504878621413919815e-01,6.703059249692642219e-01,6.901239877971370174e-01,7.099420506250092577e-01,7.297601134528814981e-01,7.495781762807542936e-01,7.693962391086266450e-01,7.892143019364994405e-01,8.075202092752453709e-01,8.163751448069528349e-01,8.252300803386605210e-01,8.340850158703678741e-01,8.429399514020755602e-01,8.517948869337830242e-01,8.606498224654904883e-01,8.695047579971981744e-01,8.783596935289055274e-01,8.850276362242081030e-01,8.897907787071578367e-01,8.945539211901074594e-01,8.993170636730573042e-01,9.040802061560069269e-01,9.088433486389567717e-01,9.136064911219063944e-01,9.183696336048561282e-01,9.231327760878058619e-01,9.302620706172846088e-01,9.375666356687287761e-01,9.448712007201726104e-01,9.521757657716166667e-01,9.594803308230605010e-01,9.667848958745043353e-01,9.740894609259485026e-01,9.813940259773923369e-01,9.868271419035876679e-01,9.884188622569041183e-01,9.900105826102205686e-01,9.916023029635371300e-01,9.931940233168535803e-01,9.947857436701701417e-01,9.963774640234865920e-01,9.979691843768030424e-01,9.995609047301196037e-01,1.000000000000000000e+00,1.000000000000000000e+00,1.000000000000000000e+00,1.000000000000000000e+00,1.000000000000000000e+00,1.000000000000000000e+00,1.000000000000000000e+00,1.000000000000000000e+00,1.000000000000000000e+00,1.000000000000000000e+00,1.000000000000000000e+00,1.000000000000000000e+00,1.000000000000000000e+00,1.000000000000000000e+00,1.000000000000000000e+00,1.000000000000000000e+00,1.000000000000000000e+00,9.997923301550027952e-01,9.993908351213415253e-01,9.989893400876801444e-01,9.985878450540188744e-01,9.981863500203576045e-01,9.977848549866963346e-01,9.973833599530350646e-01,9.969818649193736837e-01,9.965803698857124138e-01,9.779642486066553175e-01,9.576297663610520150e-01,9.372952841154480463e-01,9.169608018698447438e-01,8.966263196242414413e-01,8.762918373786375836e-01,8.559573551330342811e-01,8.356228728874303124e-01,8.219724448045075960e-01,8.231754704164294667e-01,8.243784960283513374e-01,8.255815216402732082e-01,8.267845472521950789e-01,8.279875728641169497e-01,8.291905984760388204e-01,8.303936240879608022e-01,8.315966496998826729e-01,8.319575620198154109e-01,8.319693054138015409e-01,8.319810488077876709e-01,8.319927922017738009e-01,8.320045355957599309e-01,8.320162789897460609e-01,8.320280223837320799e-01,8.320397657777182099e-01,8.318395767604354063e-01,8.298026401788222151e-01,8.277657035972089128e-01,8.257287670155957215e-01,8.236918304339824193e-01,8.216548938523691170e-01,8.196179572707559258e-01,8.175810206891426235e-01,8.155440841075294323e-01,8.082828378522433077e-01,7.957972819232852491e-01,7.833117259943271904e-01,7.708261700653686876e-01,7.583406141364106290e-01,7.458550582074521262e-01,7.333695022784940676e-01,7.208839463495360089e-01,7.083983904205775062e-01,7.015464565027079713e-01,6.953445558938098348e-01,6.891426552849119203e-01,6.829407546760140058e-01,6.767388540671158692e-01,6.705369534582179547e-01,6.643350528493198182e-01,6.581331522404219037e-01,6.487669434174428984e-01,6.317691677252091909e-01,6.147713920329759274e-01,5.977736163407421088e-01,5.807758406485088454e-01,5.637780649562755819e-01,5.467802892640417634e-01,5.297825135718084999e-01,5.127847378795747924e-01,4.977502929687319666e-01,4.835993469095147823e-01,4.694484008502976535e-01,4.552974547910796366e-01,4.411465087318624523e-01,4.269955626726453235e-01,4.128446166134281947e-01,3.986936705542110104e-01,3.849829088431915847e-01,3.759381012230757491e-01,3.668932936029599134e-01,3.578484859828440778e-01,3.488036783627282977e-01,3.397588707426119070e-01,3.307140631224960714e-01,3.216692555023802358e-01,3.126244478822644002e-01,3.073788332815053925e-01,3.062037826300575416e-01,3.050287319786097462e-01,3.038536813271618953e-01,3.026786306757140443e-01,3.015035800242661379e-01,3.003285293728182870e-01,2.991534787213704361e-01,2.979784280699226406e-01,2.748073357311583420e-01,2.486171788470746546e-01,2.224270219629925494e-01,1.962368650789104441e-01,1.700467081948283388e-01,1.438565513107462335e-01,1.176663944266625184e-01,9.147623754258041306e-02,7.018595107343543471e-02,6.175782444349917771e-02,5.332969781356292072e-02,4.490157118362614330e-02,3.647344455368989324e-02,2.804531792375362931e-02,1.961719129381737231e-02,1.118906466388111531e-02,2.760938033944337899e-03,0.000000000000000000e+00,0.000000000000000000e+00,0.000000000000000000e+00,0.000000000000000000e+00,0.000000000000000000e+00,0.000000000000000000e+00,0.000000000000000000e+00,0.000000000000000000e+00,-5.228399734788271571e-04,-8.104019588923443498e-03,-1.568519920436759613e-02,-2.326637881981174702e-02,-3.084755843525590138e-02,-3.842873805070005228e-02,-4.600991766614467154e-02,-5.359109728158882591e-02,-6.117227689703297333e-02,-7.880563727623247916e-02,-1.079803903841878715e-01,-1.371551434921450541e-01,-1.663298966001004464e-01,-1.955046497080558388e-01,-2.246794028160112311e-01,-2.538541559239666512e-01,-2.830289090319237921e-01,-3.122036621398792122e-01,-3.267206877721474112e-01,-3.388924770083061033e-01,-3.510642662444648510e-01,-3.632360554806242647e-01,-3.754078447167829569e-01,-3.875796339529416490e-01,-3.997514231891003966e-01,-4.119232124252598104e-01,-4.246845476773595807e-01,-4.391359148418232938e-01,-4.535872820062870070e-01,-4.680386491707507757e-01,-4.824900163352153770e-01,-4.969413834996790902e-01,-5.113927506641429144e-01,-5.258441178286066275e-01,-5.402954849930703407e-01,-5.508875037295927202e-01,-5.594482864514082054e-01,-5.680090691732238017e-01,-5.765698518950392870e-01,-5.851306346168548833e-01,-5.936914173386709237e-01,-6.022522000604864090e-01,-6.108129827823020053e-01,-6.186509875622988597e-01,-6.132380634089550364e-01,-6.078251392556109911e-01,-6.024122151022672789e-01,-5.969992909489234556e-01,-5.915863667955797434e-01,-5.861734426422359201e-01,-5.807605184888918748e-01,-5.753475943355481625e-01,-5.774112481746548342e-01,-5.886768441583152267e-01,-5.999424401419756192e-01,-6.112080361256366778e-01,-6.224736321092969593e-01,-6.337392280929573518e-01,-6.450048240766177443e-01,-6.562704200602781368e-01,-6.675360160439391954e-01,-6.786267929842914048e-01,-6.896854603044442200e-01,-7.007441276245969242e-01,-7.118027949447497393e-01,-7.228614622649032206e-01,-7.339201295850559248e-01,-7.449787969052087400e-01,-7.560374642253615551e-01,-7.667937019889660144e-01,-7.765994468605622592e-01,-7.864051917321579488e-01,-7.962109366037536384e-01,-8.060166814753492170e-01,-8.158224263469449067e-01,-8.256281712185411514e-01,-8.354339160901367300e-01,-8.452396609617324197e-01,-8.562187554629309139e-01,-8.678638051593092761e-01,-8.795088548556884156e-01,-8.911539045520667779e-01,-9.027989542484451402e-01,-9.144440039448236135e-01,-9.260890536412019758e-01,-9.377341033375811152e-01,-9.490322877158060555e-01,-9.506182431857417292e-01,-9.522041986556774029e-01,-9.537901541256131877e-01,-9.553761095955489724e-01,-9.569620650654846461e-01,-9.585480205354204308e-01,-9.601339760053561045e-01,-9.617199314752918893e-01,-9.634705837237271808e-01,-9.654386357197819457e-01,-9.674066877158367106e-01,-9.693747397118913645e-01,-9.713427917079462404e-01,-9.733108437040010052e-01,-9.752788957000556591e-01,-9.772469476961104240e-01,-9.792149996921651889e-01,-9.815210378152811055e-01,-9.838974897148680121e-01,-9.862739416144549187e-01,-9.886503935140418253e-01,-9.910268454136287319e-01,-9.934032973132157496e-01,-9.957797492128026562e-01,-9.981562011123894518e-01,-1.000000000000000000e+00,-1.000000000000000000e+00,-1.000000000000000000e+00,-1.000000000000000000e+00,-1.000000000000000000e+00,-1.000000000000000000e+00,-1.000000000000000000e+00,-1.000000000000000000e+00,-1.000000000000000000e+00,-1.000000000000000000e+00,-1.000000000000000000e+00,-1.000000000000000000e+00,-1.000000000000000000e+00,-1.000000000000000000e+00,-1.000000000000000000e+00,-1.000000000000000000e+00,-1.000000000000000000e+00,-1.000000000000000000e+00,-1.000000000000000000e+00,-1.000000000000000000e+00,-1.000000000000000000e+00,-1.000000000000000000e+00,-1.000000000000000000e+00,-1.000000000000000000e+00,-1.000000000000000000e+00,-1.000000000000000000e+00,-1.000000000000000000e+00,-1.000000000000000000e+00,-1.000000000000000000e+00,-1.000000000000000000e+00,-1.000000000000000000e+00,-1.000000000000000000e+00,-1.000000000000000000e+00,-1.000000000000000000e+00,-1.000000000000000000e+00,-1.000000000000000000e+00,-1.000000000000000000e+00,-1.000000000000000000e+00,-1.000000000000000000e+00,-1.000000000000000000e+00,-1.000000000000000000e+00,-1.000000000000000000e+00,-1.000000000000000000e+00,-1.000000000000000000e+00,-1.000000000000000000e+00,-1.000000000000000000e+00,-1.000000000000000000e+00,-1.000000000000000000e+00,-1.000000000000000000e+00,-1.000000000000000000e+00,-1.000000000000000000e+00,-1.000000000000000000e+00,-9.999459930378028494e-01,-9.998564957861617586e-01,-9.997669985345206678e-01,-9.996775012828795770e-01,-9.995880040312384862e-01,-9.994985067795973954e-01,-9.994090095279564157e-01,-9.993195122763153249e-01,-9.992300150246742341e-01,1.000000000000000000e+00
-1.000000000000000000e+00,-1.000000000000000000e+00,-1.000000000000000000e+00,-1.000000000000000000e+00,-1.000000000000000000e+00,-1.000000000000000000e+00,-1.000000000000000000e+00,-1.000000000000000000e+00,-1.000000000000000000e+00,-1.000000000000000000e+00,-9.971349586082679517e-01,-9.933614894581818122e-01,-9.895880203080956727e-01,-9.858145511580096443e-01,-9.820410820079235048e-01,-9.782676128578373653e-01,-9.744941437077512258e-01,-9.707206745576650864e-01,-9.669472054075790579e-01,-9.568087387500628926e-01,-9.407599172642190366e-01,-9.247110957783750695e-01,-9.086622742925311025e-01,-8.926134528066872464e-01,-8.765646313208432794e-01,-8.605158098349994233e-01,-8.444669883491554563e-01,-8.284181668633114892e-01,-8.148935060632053196e-01,-8.079316630460170456e-01,-8.009698200288287717e-01,-7.940079770116406088e-01,-7.870461339944523349e-01,-7.800842909772641720e-01,-7.731224479600758981e-01,-7.661606049428876242e-01,-7.591987619256994613e-01,-7.521997757191269951e-01,-7.442350665885655303e-01,-7.362703574580039545e-01,-7.283056483274424897e-01,-7.203409391968810249e-01,-7.123762300663194491e-01,-7.044115209357579843e-01,-6.964468118051964085e-01,-6.884821026746349437e-01,-6.805173935440734789e-01,-6.681310071003927487e-01,-6.546134939021931443e-01,-6.410959807039935399e-01,-6.275784675057940465e-01,-6.140609543075944421e-01,-6.005434411093948377e-01,-5.870259279111951223e-01,-5.735084147129956289e-01,-5.599909015147960245e-01,-5.502580194995941865e-01,-5.435528424307904949e-01,-5.368476653619869143e-01,-5.301424882931832228e-01,-5.234373112243795312e-01,-5.167321341555759506e-01,-5.100269570867722591e-01,-5.033217800179686785e-01,-4.966166029491649869e-01,-4.895344023521476795e-01,-4.816316211349005449e-01,-4.737288399176534659e-01,-4.658260587004063313e-01,-4.579232774831591413e-01,-4.500204962659120622e-01,-4.421177150486649277e-01,-4.342149338314177931e-01,-4.263121526141707140e-01,-4.176926623390021520e-01,-4.001143088398170233e-01,-3.825359553406318947e-01,-3.649576018414467105e-01,-3.473792483422615818e-01,-3.298008948430764531e-01,-3.122225413438913244e-01,-2.946441878447061957e-01,-2.770658343455210115e-01,-2.594874808463358828e-01,-2.446288514005441617e-01,-2.303141667654311220e-01,-2.159994821303180823e-01,-2.016847974952050426e-01,-1.873701128600917809e-01,-1.730554282249787412e-01,-1.587407435898657015e-01,-1.444260589547526619e-01,-1.301113743196396222e-01,-1.193518162679499534e-01,-1.110364077423638546e-01,-1.027209992167777419e-01,-9.440559069119164315e-02,-8.609018216560553050e-02,-7.777477364001941784e-02,-6.945936511443331907e-02,-6.114395658884720641e-02,-5.282854806326110764e-02,-4.563263944815114381e-02,-4.049896751023415037e-02,-3.536529557231715692e-02,-3.023162363440007674e-02,-2.509795169648308677e-02,-1.996427975856609333e-02,-1.483060782064909988e-02,-9.696935882732106438e-03,-4.563263944815112994e-03,3.086935684920749743e-03,3.086935684920795453e-02,5.865177801349515802e-02,8.643419917778236150e-02,1.142166203420695719e-01,1.419990415063567823e-01,1.697814626706439789e-01,1.975638838349311754e-01,2.253463049992183997e-01,2.531287261635060681e-01,2.878929910487124100e-01,3.236971049987364957e-01,3.595012189487605814e-01,3.953053328987846671e-01,4.311094468488086973e-01,4.669135607988328385e-01,5.027176747488568687e-01,5.385217886988808988e-01,5.743259026489050401e-01,5.971925381872873473e-01,6.124488923070566804e-01,6.277052464268260135e-01,6.429616005465952355e-01,6.582179546663645686e-01,6.734743087861339017e-01,6.887306629059032348e-01,7.039870170256727899e-01,7.192433711454421230e-01,7.292783478762884242e-01,7.311083029959700719e-01,7.329382581156517196e-01,7.347682132353334783e-01,7.365981683550151260e-01,7.384281234746967737e-01,7.402580785943784214e-01,7.420880337140601801e-01,7.439179888337418278e-01,7.468551549387395516e-01,7.561587842093042688e-01,7.654624134798688750e-01,7.747660427504335923e-01,7.840696720209981985e-01,7.933733012915629157e-01,8.026769305621276329e-01,8.119805598326922391e-01,8.212841891032569563e-01,8.305878183738215625e-01,8.408546943610265556e-01,8.512198608295213909e-01,8.615850272980162261e-01,8.719501937665110614e-01,8.823153602350058966e-01,8.926805267035007319e-01,9.030456931719955671e-01,9.134108596404904024e-01,9.237760261089851266e-01,9.298775543190853643e-01,9.338472633999880257e-01,9.378169724808907981e-01,9.417866815617934595e-01,9.457563906426962319e-01,9.497260997235990043e-01,9.536958088045016657e-01,9.576655178854044381e-01,9.616352269663070995e-01,9.646938098464317157e-01,9.665243530646377978e-01,9.683548962828438800e-01,9.701854395010499621e-01,9.720159827192559332e-01,9.738465259374620153e-01,9.756770691556680974e-01,9.775076123738740685e-01,9.793381555920801507e-01,9.811664733045643016e-01,9.829849987918718446e-01,9.848035242791793875e-01,9.866220497664868194e-01,9.884405752537943624e-01,9.902591007411019053e-01,9.920776262284094482e-01,9.938961517157169911e-01,9.957146772030245341e-01,9.975332026903320770e-01,9.978760238157594609e-01,9.981320388022527634e-01,9.983880537887460660e-01,9.986440687752393686e-01,9.989000837617325601e-01,9.991560987482258627e-01,9.994121137347191652e-01,9.996681287212124678e-01,9.999241437077056593e-01,1.000000000000000000e+00,1.000000000000000000e+00,1.000000000000000000e+00,1.000000000000000000e+00,1.000000000000000000e+00,1.000000000000000000e+00,1.000000000000000000e+00,1.000000000000000000e+00,1.000000000000000000e+00,9.986659148967524935e-01,9.957842910737381148e-01,9.929026672507236251e-01,9.900210434277091354e-01,9.871394196046947567e-01,9.842577957816802670e-01,9.813761719586657772e-01,9.784945481356512875e-01,9.756129243126369088e-01,9.717314189899287635e-01,9.643503284182928237e-01,9.569692378466568838e-01,9.495881472750209440e-01,9.422070567033850041e-01,9.348259661317490643e-01,9.274448755601132355e-01,9.200637849884772956e-01,9.126826944168413558e-01,9.053016038452054159e-01,8.939726278905528734e-01,8.825691635324472983e-01,8.711656991743416123e-01,8.597622348162359263e-01,8.483587704581302402e-01,8.369553061000245542e-01,8.255518417419189792e-01,8.141483773838132931e-01,8.027449130257072740e-01,7.897505475958467303e-01,7.761993667908720917e-01,7.626481859858973422e-01,7.490970051809227037e-01,7.355458243759480652e-01,7.219946435709734267e-01,7.084434627659987882e-01,6.948922819610240387e-01,6.813411011560494002e-01,6.648705001846234586e-01,6.454804790467463249e-01,6.260904579088690802e-01,6.067004367709919466e-01,5.873104156331147019e-01,5.679203944952375682e-01,5.485303733573603235e-01,5.291403522194831899e-01,5.097503310816059452e-01,4.927105123995160207e-01,4.823855578768184715e-01,4.720606033541209778e-01,4.617356488314234841e-01,4.514106943087259349e-01,4.410857397860284412e-01,4.307607852633308920e-01,4.204358307406333983e-01,4.101108762179358491e-01,3.996864681344076686e-01,3.839910213268479255e-01,3.682955745192881825e-01,3.526001277117283839e-01,3.369046809041686408e-01,3.212092340966083981e-01,3.055137872890485995e-01,2.898183404814888564e-01,2.741228936739291133e-01,2.584274468663693147e-01,2.538180510587251804e-01,2.523760983939139502e-01,2.509341457291027200e-01,2.494921930642914620e-01,2.480502403994802318e-01,2.466082877346690017e-01,2.451663350698577715e-01,2.437243824050465413e-01,2.422824297402353111e-01,2.424029241163740411e-01,2.438703555967799974e-01,2.453377870771859537e-01,2.468052185575919100e-01,2.482726500379978385e-01,2.497400815184037948e-01,2.512075129988097788e-01,2.526749444792156796e-01,2.541423759596216359e-01,2.525653238205164963e-01,2.437576230850727610e-01,2.349499223496290257e-01,2.261422216141852903e-01,2.173345208787415828e-01,2.085268201432978752e-01,1.997191194078541399e-01,1.909114186724104045e-01,1.821037179369666970e-01,1.727405323023799288e-01,1.539341033823627691e-01,1.351276744623455817e-01,1.163212455423284358e-01,9.751481662231126224e-02,7.870838770229410253e-02,5.990195878227694282e-02,4.109552986225978310e-02,2.228910094224262339e-02,3.482672022225435926e-03,5.402636117712911190e-03,1.203314408036059401e-02,1.866365204300827682e-02,2.529416000565596137e-02,3.192466796830364245e-02,3.855517593095132700e-02,4.518568389359901155e-02,5.181619185624668916e-02,5.844669981889437371e-02,5.746440234294673127e-02,5.083389438029904672e-02,4.420338641765136911e-02,3.757287845500367762e-02,3.094237049235600001e-02,2.431186252970831546e-02,1.768135456706063091e-02,1.105084660441295330e-02,4.420338641765268750e-03,0.000000000000000000e+00,0.000000000000000000e+00,0.000000000000000000e+00,0.000000000000000000e+00,0.000000000000000000e+00,0.000000000000000000e+00,0.000000000000000000e+00,0.000000000000000000e+00,0.000000000000000000e+00,-2.364643061638511609e-03,-2.790278812734315814e-02,-5.344093319304780293e-02,-7.897907825875244425e-02,-1.045172233244570925e-01,-1.300553683901617408e-01,-1.555935134558663890e-01,-1.811316585215710373e-01,-2.066698035872756856e-01,-2.322079486529803338e-01,-2.435041874028712749e-01,-2.523235728804452682e-01,-2.611429583580193170e-01,-2.699623438355933103e-01,-2.787817293131673591e-01,-2.876011147907413523e-01,-2.964205002683153456e-01,-3.052398857458893944e-01,-3.140592712234633876e-01,-3.208192958120801297e-01,-3.262688180168150653e-01,-3.317183402215499455e-01,-3.371678624262848811e-01,-3.426173846310197613e-01,-3.480669068357546969e-01,-3.535164290404895771e-01,-3.589659512452244572e-01,-3.644154734499593928e-01,-3.749272373593228180e-01,-3.940448121665546810e-01,-4.131623869737864885e-01,-4.322799617810182959e-01,-4.513975365882501034e-01,-4.705151113954819664e-01,-4.896326862027137183e-01,-5.087502610099455813e-01,-5.278678358171773333e-01,-5.462679124984690660e-01,-5.598505017627338765e-01,-5.734330910269986870e-01,-5.870156802912636085e-01,-6.005982695555284190e-01,-6.141808588197932295e-01,-6.277634480840580400e-01,-6.413460373483228505e-01,-6.549286266125876610e-01,-6.685112158768524715e-01,-6.772813629710993100e-01,-6.854499547940938742e-01,-6.936185466170883274e-01,-7.017871384400828916e-01,-7.099557302630773448e-01,-7.181243220860717980e-01,-7.262929139090663622e-01,-7.344615057320608154e-01,-7.426300975550552685e-01,-7.531913185082537154e-01,-7.650513952749915525e-01,-7.769114720417293896e-01,-7.887715488084672266e-01,-8.006316255752050637e-01,-8.124917023419429007e-01,-8.243517791086806268e-01,-8.362118558754184638e-01,-8.480719326421563009e-01,-8.562722342792143948e-01,-8.591492266367375397e-01,-8.620262189942605735e-01,-8.649032113517837184e-01,-8.677802037093068632e-01,-8.706571960668300081e-01,-8.735341884243531529e-01,-8.764111807818761868e-01,-8.792881731393993316e-01,-8.829457962306579422e-01,-8.905065729905959904e-01,-8.980673497505333724e-01,-9.056281265104708655e-01,-9.131889032704083586e-01,-9.207496800303458517e-01,-9.283104567902833448e-01,-9.358712335502208379e-01,-9.434320103101583310e-01,-9.509927870700958241e-01,-9.448125134649864032e-01,-9.375329558306735311e-01,-9.302533981963606591e-01,-9.229738405620476760e-01,-9.156942829277348039e-01,-9.084147252934219319e-01,-9.011351676591090598e-01,-8.938556100247960767e-01,-8.865760523904832047e-01,-8.890812348167073109e-01,-8.960821086220971399e-01,-9.030829824274868578e-01,-9.100838562328765757e-01,-9.170847300382662937e-01,-9.240856038436561226e-01,-9.310864776490458405e-01,-9.380873514544355585e-01,-9.450882252598253874e-01,-9.489775995961530208e-01,-9.489775995961530208e-01,-9.489775995961530208e-01,-9.489775995961530208e-01,-9.489775995961530208e-01,-9.489775995961530208e-01,-9.489775995961530208e-01,-9.489775995961530208e-01,-9.489775995961530208e-01,-9.495390566325583315e-01,-9.522953002658213206e-01,-9.550515438990841988e-01,-9.578077875323471879e-01,-9.605640311656100661e-01,-9.633202747988730552e-01,-9.660765184321359333e-01,-9.688327620653988115e-01,-9.715890056986618006e-01,-9.743452493319246788e-01,-9.771101354628566327e-01,-9.798753539975451066e-01,-9.826405725322335805e-01,-9.854057910669219433e-01,-9.881710096016104172e-01,-9.909362281362988911e-01,-9.937014466709873650e-01,-9.964666652056757279e-01,-9.992318837403642018e-01,-1.000000000000000000e+00,-1.000000000000000000e+00,-1.000000000000000000e+00,-1.000000000000000000e+00,-1.000000000000000000e+00,-1.000000000000000000e+00,-1.000000000000000000e+00,-1.000000000000000000e+00,-1.000000000000000000e+00,-9.946025428108643540e-01,-9.833924394180447726e-01,-9.721823360252251911e-01,-9.609722326324054986e-01,-9.497621292395859172e-01,-9.385520258467662247e-01,-9.273419224539466432e-01,-9.161318190611269507e-01,-9.049217156683073693e-01,-8.991039293490890039e-01,-9.102926814927658761e-01,-9.214814336364427483e-01,-9.326701857801196205e-01,-9.438589379237964927e-01,-9.550476900674733649e-01,-9.662364422111503481e-01,-9.774251943548272203e-01,-9.886139464985040926e-01,-9.998026986421809648e-01,1.100000000000000089e+00
-1.000000000000000000e+00,-1.000000000000000000e+00,-1.000000000000000000e+00,-1.000000000000000000e+00,-1.000000000000000000e+00,-1.000000000000000000e+00,-1.000000000000000000e+00,-1.000000000000000000e+00,-1.000000000000000000e+00,-1.000000000000000000e+00,-1.000000000000000000e+00,-1.000000000000000000e+00,-1.000000000000000000e+00,-1.000000000000000000e+00,-1.000000000000000000e+00,-1.000000000000000000e+00,-1.000000000000000000e+00,-1.000000000000000000e+00,-1.000000000000000000e+00,-9.990574258126537766e-01,-9.972396041656290677e-01,-9.954217825186042479e-01,-9.936039608715794280e-01,-9.917861392245546082e-01,-9.899683175775298993e-01,-9.881504959305050795e-01,-9.863326742834802596e-01,-9.845148526364555508e-01,-9.746984670033872478e-01,-9.440858150066061549e-01,-9.134731630098249511e-01,-8.828605110130437472e-01,-8.522478590162626544e-01,-8.216352070194815616e-01,-7.910225550227003577e-01,-7.604099030259191538e-01,-7.297972510291380610e-01,-7.005158500598138716e-01,-7.058469758043710574e-01,-7.111781015489283542e-01,-7.165092272934855400e-01,-7.218403530380428368e-01,-7.271714787826001336e-01,-7.325026045271573194e-01,-7.378337302717146162e-01,-7.431648560162719130e-01,-7.484959817608290988e-01,-7.514021333170594064e-01,-7.536879426390664660e-01,-7.559737519610735257e-01,-7.582595612830805853e-01,-7.605453706050875340e-01,-7.628311799270945937e-01,-7.651169892491016533e-01,-7.674027985711087130e-01,-7.696886078931157726e-01,-7.670577720082254469e-01,-7.604936199578171685e-01,-7.539294679074088901e-01,-7.473653158570006116e-01,-7.408011638065922222e-01,-7.342370117561839438e-01,-7.276728597057756653e-01,-7.211087076553673869e-01,-7.145445556049591085e-01,-7.018099085181341845e-01,-6.756453604696963655e-01,-6.494808124212586575e-01,-6.233162643728209495e-01,-5.971517163243829085e-01,-5.709871682759452005e-01,-5.448226202275074925e-01,-5.186580721790697845e-01,-4.924935241306320211e-01,-4.677521750046391147e-01,-4.608008124092088376e-01,-4.538494498137785604e-01,-4.468980872183482278e-01,-4.399467246229179507e-01,-4.329953620274876736e-01,-4.260439994320573409e-01,-4.190926368366270638e-01,-4.121412742411967867e-01,-4.051899116457664540e-01,-3.954531231597395724e-01,-3.851592494955933255e-01,-3.748653758314470785e-01,-3.645715021673008316e-01,-3.542776285031543626e-01,-3.439837548390081157e-01,-3.336898811748618687e-01,-3.233960075107156218e-01,-3.131021338465693749e-01,-3.003360981109174932e-01,-2.858704509511055813e-01,-2.714048037912936140e-01,-2.569391566314817021e-01,-2.424735094716697625e-01,-2.280078623118578229e-01,-2.135422151520458556e-01,-1.990765679922339437e-01,-1.846109208324219764e-01,-1.743351637231537188e-01,-1.717776251280451194e-01,-1.692200865329365200e-01,-1.666625479378278651e-01,-1.641050093427192658e-01,-1.615474707476106664e-01,-1.589899321525020670e-01,-1.564323935573934676e-01,-1.538748549622848405e-01,-1.504582447856615268e-01,-1.401690619569203877e-01,-1.298798791281792486e-01,-1.195906962994381095e-01,-1.093015134706969704e-01,-9.901233064195583133e-02,-8.872314781321469224e-02,-7.843396498447355314e-02,-6.814478215573241404e-02,-5.785559932699110841e-02,-5.119811823287546970e-02,-4.508152888646999729e-02,-3.896493954006452487e-02,-3.284835019365905245e-02,-2.673176084725357657e-02,-2.061517150084810762e-02,-1.449858215444263521e-02,-8.381992808037162790e-03,-2.265403461631683435e-03,6.946180977836872820e-03,1.797835076616611030e-02,2.901052055449534345e-02,4.004269034282458006e-02,5.107486013115381668e-02,6.210702991948305329e-02,7.313919970781228297e-02,8.417136949614170693e-02,9.520353928447093661e-02,1.142489924441571353e-01,1.458867480445469877e-01,1.775245036449368818e-01,2.091622592453267482e-01,2.408000148457166145e-01,2.724377704461065086e-01,3.040755260464963472e-01,3.357132816468861858e-01,3.673510372472761354e-01,3.994760659207172715e-01,4.344029147642000099e-01,4.693297636076827484e-01,5.042566124511654868e-01,5.391834612946482252e-01,5.741103101381309637e-01,6.090371589816137021e-01,6.439640078250963295e-01,6.788908566685791790e-01,7.138177055120618064e-01,7.323010043729368812e-01,7.491063899702805617e-01,7.659117755676241313e-01,7.827171611649678118e-01,7.995225467623114923e-01,8.163279323596550618e-01,8.331333179569987424e-01,8.499387035543424229e-01,8.667440891516859924e-01,8.763628355062663688e-01,8.823882622394649822e-01,8.884136889726634845e-01,8.944391157058620978e-01,9.004645424390607111e-01,9.064899691722592134e-01,9.125153959054578268e-01,9.185408226386564401e-01,9.245662493718549424e-01,9.290757530540026954e-01,9.315420561021248158e-01,9.340083591502470473e-01,9.364746621983691677e-01,9.389409652464913991e-01,9.414072682946135195e-01,9.438735713427357510e-01,9.463398743908578714e-01,9.488061774389801029e-01,9.513261104872838825e-01,9.540820155363868293e-01,9.568379205854898872e-01,9.595938256345928341e-01,9.623497306836958920e-01,9.651056357327988389e-01,9.678615407819018968e-01,9.706174458310048436e-01,9.733733508801079015e-01,9.761292559292108484e-01,9.783152066524850587e-01,9.804676306507105199e-01,9.826200546489360921e-01,9.847724786471615532e-01,9.869249026453870144e-01,9.890773266436124755e-01,9.912297506418379367e-01,9.933821746400633979e-01,9.955345986382888590e-01,9.963717912998769632e-01,9.966552023460386600e-01,9.969386133922003568e-01,9.972220244383620535e-01,9.975054354845237503e-01,9.977888465306854471e-01,9.980722575768471438e-01,9.983556686230089516e-01,9.986390796691706484e-01,9.988518389168199452e-01,9.989826420781948713e-01,9.991134452395697974e-01,9.992442484009447234e-01,9.993750515623197606e-01,9.995058547236946866e-01,9.996366578850696127e-01,9.997674610464445388e-01,9.998982642078194649e-01,1.000000000000000000e+00,1.000000000000000000e+00,1.000000000000000000e+00,1.000000000000000000e+00,1.000000000000000000e+00,1.000000000000000000e+00,1.000000000000000000e+00,1.000000000000000000e+00,1.000000000000000000e+00,1.000000000000000000e+00,9.982240268304708453e-01,9.964145447332147798e-01,9.946050626359587143e-01,9.927955805387025379e-01,9.909860984414464724e-01,9.891766163441902959e-01,9.873671342469342305e-01,9.855576521496781650e-01,9.837481700524219885e-01,9.778130643576991021e-01,9.704339904038629117e-01,9.630549164500266102e-01,9.556758424961904197e-01,9.482967685423542292e-01,9.409176945885180388e-01,9.335386206346818483e-01,9.261595466808456578e-01,9.187804727270094673e-01,9.150833525755182052e-01,9.150681862263718713e-01,9.150530198772254264e-01,9.150378535280790926e-01,9.150226871789327587e-01,9.150075208297864249e-01,9.149923544806399800e-01,9.149771881314936461e-01,9.149620217823473123e-01,9.135613224645575681e-01,9.082019575220724450e-01,9.028425925795873219e-01,8.974832276371021988e-01,8.921238626946170758e-01,8.867644977521318417e-01,8.814051328096467186e-01,8.760457678671615955e-01,8.706864029246764725e-01,8.652002987761212571e-01,8.529970167058491537e-01,8.407937346355770503e-01,8.285904525653048358e-01,8.163871704950327324e-01,8.041838884247601849e-01,7.919806063544880814e-01,7.797773242842158670e-01,7.675740422139437635e-01,7.553707601436716601e-01,7.495108098783433981e-01,7.454632401287133447e-01,7.414156703790832914e-01,7.373681006294532381e-01,7.333205308798231847e-01,7.292729611301931314e-01,7.252253913805630781e-01,7.211778216309330247e-01,7.171302518813029714e-01,7.015613981960560075e-01,6.760604031870008912e-01,6.505594081779457749e-01,6.250584131688907696e-01,5.995574181598356533e-01,5.740564231507805371e-01,5.485554281417255318e-01,5.230544331326704155e-01,4.975534381236153547e-01,4.743696393001732847e-01,4.566891814175643161e-01,4.390087235349554029e-01,4.213282656523464897e-01,4.036478077697375211e-01,3.859673498871286079e-01,3.682868920045196948e-01,3.506064341219107261e-01,3.329259762393018129e-01,3.154806351544151011e-01,3.020322796308052560e-01,2.885839241071954109e-01,2.751355685835855658e-01,2.616872130599757762e-01,2.482388575363659311e-01,2.347905020127561138e-01,2.213421464891462964e-01,2.078937909655364513e-01,1.944454354419266340e-01,1.821031893674722180e-01,1.700123318041895093e-01,1.579214742409068006e-01,1.458306166776240920e-01,1.337397591143413833e-01,1.216489015510586885e-01,1.095580439877759799e-01,9.746718642449327119e-02,8.537632886121056253e-02,7.524250694608987378e-02,6.656067922154106087e-02,5.787885149699224796e-02,4.919702377244344199e-02,4.051519604789463602e-02,3.183336832334582311e-02,2.315154059879701715e-02,1.446971287424821118e-02,5.787885149699398268e-03,0.000000000000000000e+00,0.000000000000000000e+00,0.000000000000000000e+00,0.000000000000000000e+00,0.000000000000000000e+00,0.000000000000000000e+00,0.000000000000000000e+00,0.000000000000000000e+00,0.000000000000000000e+00,0.000000000000000000e+00,0.000000000000000000e+00,0.000000000000000000e+00,0.000000000000000000e+00,0.000000000000000000e+00,0.000000000000000000e+00,0.000000000000000000e+00,0.000000000000000000e+00,0.000000000000000000e+00,0.000000000000000000e+00,-3.351773897768754035e-02,-7.286464995149352641e-02,-1.122115609252995055e-01,-1.515584718991054847e-01,-1.909053828729114777e-01,-2.302522938467174707e-01,-2.695992048205234637e-01,-3.089461157943294567e-01,-3.482930267681354497e-01,-3.649847551312858096e-01,-3.672595491058380235e-01,-3.695343430803902374e-01,-3.718091370549424513e-01,-3.740839310294947206e-01,-3.763587250040469345e-01,-3.786335189785991484e-01,-3.809083129531513623e-01,-3.831831069277036317e-01,-3.889631956804386892e-01,-4.007022855560845032e-01,-4.124413754317303171e-01,-4.241804653073761311e-01,-4.359195551830219451e-01,-4.476586450586677590e-01,-4.593977349343135730e-01,-4.711368248099593314e-01,-4.828759146856052009e-01,-4.946055932755212270e-01,-5.062720818041088755e-01,-5.179385703326966350e-01,-5.296050588612842835e-01,-5.412715473898719321e-01,-5.529380359184595806e-01,-5.646045244470473401e-01,-5.762710129756349886e-01,-5.879375015042226371e-01,-5.996039900328103966e-01,-6.026336637182518885e-01,-6.045837355483001385e-01,-6.065338073783482775e-01,-6.084838792083964165e-01,-6.104339510384445555e-01,-6.123840228684928055e-01,-6.143340946985409445e-01,-6.162841665285890835e-01,-6.182342383586372225e-01,-6.185226165607593529e-01,-6.179089325077213868e-01,-6.172952484546835317e-01,-6.166815644016456766e-01,-6.160678803486077104e-01,-6.154541962955698553e-01,-6.148405122425320002e-01,-6.142268281894940340e-01,-6.136131441364561789e-01,-6.147898782245234672e-01,-6.185708568814712871e-01,-6.223518355384192180e-01,-6.261328141953670379e-01,-6.299137928523149688e-01,-6.336947715092628997e-01,-6.374757501662107195e-01,-6.412567288231586504e-01,-6.450377074801064703e-01,-6.472499791180256201e-01,-6.416187156607976450e-01,-6.359874522035701139e-01,-6.303561887463425828e-01,-6.247249252891150517e-01,-6.190936618318875206e-01,-6.134623983746599896e-01,-6.078311349174323475e-01,-6.021998714602048164e-01,-5.965686080029772853e-01,-5.985105761852149708e-01,-6.010584028986096783e-01,-6.036062296120043857e-01,-6.061540563253990932e-01,-6.087018830387938007e-01,-6.112497097521885081e-01,-6.137975364655832156e-01,-6.163453631789779230e-01,-6.188931898923726305e-01,-6.106583794128446208e-01,-5.974693842771090502e-01,-5.842803891413734796e-01,-5.710913940056379090e-01,-5.579023988699023384e-01,-5.447134037341668789e-01,-5.315244085984313083e-01,-5.183354134626957377e-01,-5.051464183269601671e-01,-5.104100398181984355e-01,-5.387394320931547798e-01,-5.670688243681110130e-01,-5.953982166430673573e-01,-6.237276089180237015e-01,-6.520570011929800458e-01,-6.803863934679362790e-01,-7.087157857428926233e-01,-7.370451780178488566e-01,-7.612302759749211001e-01,-7.692149506893537492e-01,-7.771996254037862872e-01,-7.851843001182188253e-01,-7.931689748326514744e-01,-8.011536495470840125e-01,-8.091383242615166616e-01,-8.171229989759491996e-01,-8.251076736903817377e-01,-8.330923484048143868e-01,-8.399043814420953380e-01,-8.466713128764088436e-01,-8.534382443107224603e-01,-8.602051757450359659e-01,-8.669721071793495826e-01,-8.737390386136630882e-01,-8.805059700479767049e-01,-8.872729014822902105e-01,-8.940398329166038272e-01,-8.982670333495568205e-01,-9.015174141666015828e-01,-9.047677949836464562e-01,-9.080181758006913295e-01,-9.112685566177362029e-01,-9.145189374347810762e-01,-9.177693182518258386e-01,-9.210196990688707119e-01,-9.242700798859158073e-01,-9.243313781251601968e-01,-9.209582797421582701e-01,-9.175851813591563433e-01,-9.142120829761543055e-01,-9.108389845931523787e-01,-9.074658862101504520e-01,-9.040927878271485252e-01,-9.007196894441464874e-01,-8.973465910611445606e-01,-8.968654361434784672e-01,-9.055050260011019425e-01,-9.141446158587253068e-01,-9.227842057163486711e-01,-9.314237955739721464e-01,-9.400633854315955107e-01,-9.487029752892189860e-01,-9.573425651468423503e-01,-9.659821550044658256e-01,-9.746217448620891899e-01,1.000000000000000000e+00
-1.000000000000000000e+00,-1.000000000000000000e+00,-1.000000000000000000e+00,-1.000000000000000000e+00,-1.000000000000000000e+00,-1.000000000000000000e+00,-1.000000000000000000e+00,-1.000000000000000000e+00,-1.000000000000000000e+00,-1.000000000000000000e+00,-1.000000000000000000e+00,-1.000000000000000000e+00,-1.000000000000000000e+00,-1.000000000000000000e+00,-1.000000000000000000e+00,-1.000000000000000000e+00,-1.000000000000000000e+00,-1.000000000000000000e+00,-1.000000000000000000e+00,-1.000000000000000000e+00,-1.000000000000000000e+00,-1.000000000000000000e+00,-1.000000000000000000e+00,-1.000000000000000000e+00,-1.000000000000000000e+00,-1.000000000000000000e+00,-1.000000000000000000e+00,-1.000000000000000000e+00,-1.000000000000000000e+00,-1.000000000000000000e+00,-9.982155052537406981e-01,-9.954576497367946253e-01,-9.926997942198484415e-01,-9.899419387029022577e-01,-9.871840831859561849e-01,-9.844262276690100011e-01,-9.816683721520639283e-01,-9.789105166351177445e-01,-9.761526611181715607e-01,-9.733948056012254879e-01,-9.616764438605683862e-01,-9.485325470388665803e-01,-9.353886502171647743e-01,-9.222447533954628573e-01,-9.091008565737610514e-01,-8.959569597520592454e-01,-8.828130629303573285e-01,-8.696691661086555225e-01,-8.565252692869537166e-01,-8.434471284621545273e-01,-8.311416206009616392e-01,-8.188361127397688621e-01,-8.065306048785759740e-01,-7.942250970173831970e-01,-7.819195891561904199e-01,-7.696140812949975318e-01,-7.573085734338047548e-01,-7.450030655726118667e-01,-7.326975577114190896e-01,-7.227391740808120080e-01,-7.184138886036104399e-01,-7.140886031264089828e-01,-7.097633176492075258e-01,-7.054380321720060687e-01,-7.011127466948046116e-01,-6.967874612176031546e-01,-6.924621757404016975e-01,-6.881368902632001294e-01,-6.838116047859986724e-01,-6.774407676096975139e-01,-6.691030537996466299e-01,-6.607653399895956348e-01,-6.524276261795447507e-01,-6.440899123694937556e-01,-6.357521985594428715e-01,-6.274144847493919874e-01,-6.190767709393409923e-01,-6.107390571292901083e-01,-6.024013433192392242e-01,-5.912057630451728052e-01,-5.789288278928302889e-01,-5.666518927404879946e-01,-5.543749575881453673e-01,-5.420980224358030730e-01,-5.298210872834604457e-01,-5.175441521311181514e-01,-5.052672169787756351e-01,-4.929902818264332298e-01,-4.807133466740907135e-01,-4.607039753665389537e-01,-4.402113267992863732e-01,-4.197186782320341258e-01,-3.992260296647814899e-01,-3.787333810975292425e-01,-3.582407325302766621e-01,-3.377480839630243592e-01,-3.172554353957717788e-01,-2.967627868285195314e-01,-2.772775253338234380e-01,-2.632069693541184696e-01,-2.491364133744132237e-01,-2.350658573947082552e-01,-2.209953014150030093e-01,-2.069247454352980409e-01,-1.928541894555927949e-01,-1.787836334758878265e-01,-1.647130774961826083e-01,-1.506425215164776399e-01,-1.408021981757013874e-01,-1.380864771741738273e-01,-1.353707561726462116e-01,-1.326550351711186515e-01,-1.299393141695910636e-01,-1.272235931680635035e-01,-1.245078721665358878e-01,-1.217921511650083277e-01,-1.190764301634807260e-01,-1.163607091619531658e-01,-1.083140660261979055e-01,-9.653577739648351586e-02,-8.475748876676891808e-02,-7.297920013705452846e-02,-6.120091150733993762e-02,-4.942262287762554107e-02,-3.764433424791095717e-02,-2.586604561819655368e-02,-1.408775698848196978e-02,-2.309468358767580165e-03,3.671826220122722563e-03,8.239219811007088626e-03,1.280661340189137576e-02,1.737400699277574095e-02,2.194140058366002982e-02,2.650879417454439502e-02,3.107618776542868042e-02,3.564358135631304908e-02,4.021097494719733101e-02,4.556447973323195233e-02,9.022354427675000066e-02,1.348826088202688123e-01,1.795416733637868745e-01,2.242007379073056861e-01,2.688598024508236928e-01,3.135188669943425599e-01,3.581779315378605943e-01,4.028369960813794060e-01,4.474960606248974404e-01,4.829520333754704353e-01,4.884979577989711497e-01,4.940438822224719750e-01,4.995898066459726894e-01,5.051357310694735148e-01,5.106816554929742846e-01,5.162275799164750545e-01,5.217735043399758244e-01,5.273194287634765942e-01,5.328653531869773641e-01,5.381677083187745847e-01,5.431735443128455909e-01,5.481793803069167081e-01,5.531852163009879364e-01,5.581910522950589426e-01,5.631968882891300598e-01,5.682027242832010661e-01,5.732085602772722943e-01,5.782143962713434115e-01,5.832202322654144178e-01,5.994643483513742988e-01,6.213276044832793943e-01,6.431908606151837127e-01,6.650541167470880310e-01,6.869173728789923494e-01,7.087806290108973339e-01,7.306438851428016523e-01,7.525071412747059707e-01,7.743703974066102891e-01,7.962336535385153846e-01,8.121650136374882756e-01,8.273054542654036947e-01,8.424458948933191138e-01,8.575863355212350880e-01,8.727267761491506182e-01,8.878672167770660373e-01,9.030076574049814564e-01,9.181480980328974306e-01,9.332885386608129608e-01,9.469992276355504446e-01,9.475562014010519007e-01,9.481131751665534679e-01,9.486701489320549241e-01,9.492271226975563803e-01,9.497840964630578364e-01,9.503410702285592926e-01,9.508980439940607488e-01,9.514550177595622049e-01,9.520119915250636611e-01,9.536003101339418642e-01,9.574446955877062848e-01,9.612890810414707055e-01,9.651334664952352371e-01,9.689778519489995467e-01,9.728222374027639674e-01,9.766666228565283880e-01,9.805110083102929197e-01,9.843553937640573404e-01,9.881997792178217610e-01,9.904403426679304623e-01,9.912552865592342277e-01,9.920702304505378821e-01,9.928851743418416476e-01,9.937001182331453020e-01,9.945150621244490674e-01,9.953300060157527218e-01,9.961449499070564872e-01,9.969598937983601417e-01,9.977748376896639071e-01,9.980702338661190387e-01,9.981878900348628569e-01,9.983055462036066752e-01,9.984232023723504934e-01,9.985408585410943116e-01,9.986585147098381299e-01,9.987761708785819481e-01,9.988938270473257663e-01,9.990114832160695846e-01,9.991291393848134028e-01,9.992188156482901817e-01,9.993073498748172856e-01,9.993958841013443894e-01,9.994844183278714933e-01,9.995729525543985972e-01,9.996614867809257010e-01,9.997500210074528049e-01,9.998385552339800197e-01,9.999270894605071236e-01,1.000000000000000000e+00,1.000000000000000000e+00,1.000000000000000000e+00,1.000000000000000000e+00,1.000000000000000000e+00,1.000000000000000000e+00,1.000000000000000000e+00,1.000000000000000000e+00,1.000000000000000000e+00,1.000000000000000000e+00,9.960321310524689054e-01,9.859140652362647916e-01,9.757959994200602338e-01,9.656779336038561201e-01,9.555598677876520064e-01,9.454418019714477817e-01,9.353237361552433349e-01,9.252056703390392212e-01,9.150876045228351074e-01,9.049695387066308827e-01,8.941973631870179240e-01,8.830031814071418461e-01,8.718089996272657682e-01,8.606148178473893573e-01,8.494206360675132794e-01,8.382264542876372015e-01,8.270322725077610126e-01,8.158380907278846017e-01,8.046439089480085238e-01,7.934497271681324460e-01,7.891267851291552393e-01,7.862762516060847195e-01,7.834257180830141998e-01,7.805751845599437910e-01,7.777246510368733823e-01,7.748741175138028625e-01,7.720235839907324538e-01,7.691730504676619340e-01,7.663225169445915252e-01,7.635834792409454952e-01,7.635760891131987416e-01,7.635686989854519879e-01,7.635613088577052343e-01,7.635539187299584807e-01,7.635465286022117271e-01,7.635391384744649734e-01,7.635317483467182198e-01,7.635243582189714662e-01,7.635169680912247125e-01,7.584149932711361508e-01,7.384211555042031749e-01,7.184273177372695329e-01,6.984334799703366681e-01,6.784396422034036922e-01,6.584458044364707163e-01,6.384519666695370743e-01,6.184581289026040984e-01,5.984642911356712336e-01,5.784704533687382577e-01,5.642409692243659514e-01,5.564963829053749533e-01,5.487517965863838443e-01,5.410072102673928462e-01,5.332626239484016262e-01,5.255180376294106281e-01,5.177734513104195191e-01,5.100288649914285211e-01,5.022842786724373010e-01,4.945396923534462474e-01,4.766335756054730921e-01,4.540821878042512472e-01,4.315308000030286251e-01,4.089794122018068356e-01,3.864280244005849907e-01,3.638766365993631458e-01,3.413252487981405237e-01,3.187738609969187342e-01,2.962224731956968893e-01,2.736710853944750443e-01,2.732570998373634596e-01,2.752493536546116171e-01,2.772416074718597745e-01,2.792338612891079319e-01,2.812261151063561448e-01,2.832183689236043023e-01,2.852106227408526262e-01,2.872028765581007836e-01,2.891951303753489411e-01,2.890183897678203495e-01,2.725741909744682778e-01,2.561299921811162061e-01,2.396857933877641345e-01,2.232415945944108970e-01,2.067973958010588253e-01,1.903531970077067537e-01,1.739089982143546820e-01,1.574647994210026380e-01,1.410206006276505664e-01,1.293278523528526014e-01,1.271380051151628499e-01,1.249481578774729457e-01,1.227583106397831941e-01,1.205684634020934565e-01,1.183786161644037049e-01,1.161887689267139534e-01,1.139989216890242019e-01,1.118090744513344642e-01,1.096192272136447127e-01,1.055469186262636833e-01,9.992830250163685368e-02,9.430968637701002411e-02,8.869107025238319453e-02,8.307245412775636495e-02,7.745383800312953537e-02,7.183522187850271967e-02,6.621660575387589009e-02,6.059798962924866500e-02,5.497937350462183542e-02,4.946368585840264093e-02,4.397966851323194259e-02,3.849565116806124426e-02,3.301163382289054593e-02,2.752761647771984760e-02,2.204359913254914927e-02,1.655958178737806930e-02,1.107556444220737790e-02,5.591547097036679570e-03,1.075297518659812379e-04,0.000000000000000000e+00,0.000000000000000000e+00,0.000000000000000000e+00,0.000000000000000000e+00,0.000000000000000000e+00,0.000000000000000000e+00,0.000000000000000000e+00,0.000000000000000000e+00,0.000000000000000000e+00,-4.473583312776681885e-03,-2.728885820793728462e-02,-5.010413310309788648e-02,-7.291940799826007735e-02,-9.573468289342067228e-02,-1.185499577885812811e-01,-1.413652326837418760e-01,-1.641805075789024848e-01,-1.869957824740630936e-01,-2.098110573692237024e-01,-2.302951065585619184e-01,-2.474488333110120286e-01,-2.646025600634609454e-01,-2.817562868159098621e-01,-2.989100135683587789e-01,-3.160637403208077512e-01,-3.332174670732566679e-01,-3.503711938257055847e-01,-3.675249205781556672e-01,-3.846786473306046394e-01,-3.946696903140952117e-01,-4.004078898097676031e-01,-4.061460893054399390e-01,-4.118842888011122749e-01,-4.176224882967846108e-01,-4.233606877924570022e-01,-4.290988872881297267e-01,-4.348370867838020626e-01,-4.405752862794743985e-01,-4.463134857751467899e-01,-4.565473700793808987e-01,-4.676176608596263606e-01,-4.786879516398718226e-01,-4.897582424201173401e-01,-5.008285332003635792e-01,-5.118988239806090412e-01,-5.229691147608545032e-01,-5.340394055410999652e-01,-5.451096963213454272e-01,-5.554433139016129450e-01,-5.539901602822351334e-01,-5.525370066628572108e-01,-5.510838530434792881e-01,-5.496306994241014765e-01,-5.481775458047235539e-01,-5.467243921853457422e-01,-5.452712385659679306e-01,-5.438180849465900080e-01,-5.423649313272121963e-01,-5.442517933016622900e-01,-5.549658393455161320e-01,-5.656798853893690859e-01,-5.763939314332221509e-01,-5.871079774770751047e-01,-5.978220235209281697e-01,-6.085360695647812346e-01,-6.192501156086341885e-01,-6.299641616524872534e-01,-6.406782076963409844e-01,-6.478426034636139974e-01,-6.513153629432444358e-01,-6.547881224228748742e-01,-6.582608819025053126e-01,-6.617336413821357510e-01,-6.652064008617661894e-01,-6.686791603413967389e-01,-6.721519198210273993e-01,-6.756246793006578377e-01,-6.790974387802882761e-01,-6.792711497419180455e-01,-6.780702571543809620e-01,-6.768693645668438785e-01,-6.756684719793069061e-01,-6.744675793917698225e-01,-6.732666868042327390e-01,-6.720657942166956555e-01,-6.708649016291585720e-01,-6.696640090416215996e-01,-6.684631164540845161e-01,-6.722028439085623308e-01,-6.763630496644881251e-01,-6.805232554204141415e-01,-6.846834611763399359e-01,-6.888436669322657302e-01,-6.930038726881915245e-01,-6.971640784441172078e-01,-7.013242842000430022e-01,-7.054844899559687965e-01,-7.109520021706854376e-01,-7.246368692692310987e-01,-7.383217363677758716e-01,-7.520066034663207555e-01,-7.656914705648655284e-01,-7.793763376634103013e-01,-7.930612047619550742e-01,-8.067460718604998471e-01,-8.204309389590446200e-01,-8.341158060575903921e-01,-8.449086809875888671e-01,-8.503995702752535912e-01,-8.558904595629183154e-01,-8.613813488505830396e-01,-8.668722381382477638e-01,-8.723631274259124879e-01,-8.778540167135773231e-01,-8.833449060012423804e-01,-8.888357952889071045e-01,-8.943266845765718287e-01,-8.857691691934831413e-01,-8.665542433705138992e-01,-8.473393175475446570e-01,-8.281243917245754149e-01,-8.089094659016061728e-01,-7.896945400786355984e-01,-7.704796142556663563e-01,-7.512646884326971142e-01,-7.320497626097278721e-01,-7.128348367867586299e-01,-7.236170779112149898e-01,-7.426485399462126047e-01,-7.616800019812102196e-01,-7.807114640162090557e-01,-7.997429260512066707e-01,-8.187743880862041745e-01,-8.378058501212017894e-01,-8.568373121561994044e-01,-8.758687741911969082e-01,-8.949002362261945231e-01,1.100000000000000089e+00
-1.000000000000000000e+00,-9.998748647853222815e-01,-9.997497295706445630e-01,-9.996245943559668445e-01,-9.994994591412891261e-01,-9.993743239266114076e-01,-9.992491887119336891e-01,-9.991240534972559706e-01,-9.989989182825782521e-01,-9.974698795241153659e-01,-9.947562971505838902e-01,-9.920427147770523035e-01,-9.893291324035208278e-01,-9.866155500299892411e-01,-9.839019676564576544e-01,-9.811883852829261787e-01,-9.784748029093945920e-01,-9.761959953159136116e-01,-9.786127553469786688e-01,-9.810295153780436150e-01,-9.834462754091086722e-01,-9.858630354401737295e-01,-9.882797954712387867e-01,-9.906965555023037329e-01,-9.931133155333687901e-01,-9.955300755644338473e-01,-9.959651250759782304e-01,-9.952218602245643808e-01,-9.944785953731506423e-01,-9.937353305217367927e-01,-9.929920656703229431e-01,-9.922488008189092046e-01,-9.915055359674953550e-01,-9.907622711160816165e-01,-9.901550954298982132e-01,-9.902147566533436862e-01,-9.902744178767892702e-01,-9.903340791002348542e-01,-9.903937403236804382e-01,-9.904534015471260222e-01,-9.905130627705716062e-01,-9.905727239940170792e-01,-9.906323852174626632e-01,-9.908629091765321917e-01,-9.911625918619256792e-01,-9.914622745473191667e-01,-9.917619572327126543e-01,-9.920616399181061418e-01,-9.923613226034996293e-01,-9.926610052888931168e-01,-9.929606879742866044e-01,-9.933890645107797956e-01,-9.941949430104988217e-01,-9.950008215102178477e-01,-9.958067000099367627e-01,-9.966125785096557887e-01,-9.974184570093748148e-01,-9.982243355090937298e-01,-9.990302140088127558e-01,-9.998360925085317819e-01,-9.961096027841683798e-01,-9.912259126621668637e-01,-9.863422225401654586e-01,-9.814585324181640535e-01,-9.765748422961625375e-01,-9.716911521741611324e-01,-9.668074620521597273e-01,-9.619237719301582112e-01,-9.536115902768986796e-01,-9.386138501376852794e-01,-9.236161099984718792e-01,-9.086183698592584790e-01,-8.936206297200450788e-01,-8.786228895808316786e-01,-8.636251494416182783e-01,-8.486274093024048781e-01,-8.336296691631914779e-01,-8.301425226296145210e-01,-8.282048790814118266e-01,-8.262672355332090213e-01,-8.243295919850063269e-01,-8.223919484368035215e-01,-8.204543048886008272e-01,-8.185166613403981328e-01,-8.165790177921953275e-01,-8.112751258410406674e-01,-8.013931360618709032e-01,-7.915111462827012501e-01,-7.816291565035315969e-01,-7.717471667243619438e-01,-7.618651769451922906e-01,-7.519831871660225264e-01,-7.421011973868528733e-01,-7.322192076076832201e-01,-7.070927791784903382e-01,-6.814314581650859903e-01,-6.557701371516816424e-01,-6.301088161382772945e-01,-6.044474951248729466e-01,-5.787861741114685987e-01,-5.531248530980642508e-01,-5.274635320846599029e-01,-5.085927956370688285e-01,-4.962862909364307296e-01,-4.839797862357926861e-01,-4.716732815351545871e-01,-4.593667768345165436e-01,-4.470602721338784447e-01,-4.347537674332403457e-01,-4.224472627326023022e-01,-4.098601550953394623e-01,-3.920351259744143668e-01,-3.742100968534892713e-01,-3.563850677325641758e-01,-3.385600386116390803e-01,-3.207350094907139848e-01,-3.029099803697888893e-01,-2.850849512488637938e-01,-2.672599221279386983e-01,-2.489794932934912830e-01,-2.303867903697714159e-01,-2.117940874460515210e-01,-1.932013845223316539e-01,-1.746086815986117591e-01,-1.560159786748918642e-01,-1.374232757511719694e-01,-1.188305728274521023e-01,-1.019812370882162700e-01,-9.624586715006706872e-02,-9.051049721191785358e-02,-8.477512727376865231e-02,-7.903975733561943717e-02,-7.330438739747023591e-02,-6.756901745932103465e-02,-6.183364752117181951e-02,-5.609827758302261130e-02,-4.990249291787775959e-02,-4.348801125740982959e-02,-3.707352959694189959e-02,-3.065904793647396959e-02,-2.424456627600603958e-02,-1.783008461553810958e-02,-1.141560295507017958e-02,-5.001121294602249578e-03,7.054357611374654710e-03,3.907028830915504347e-02,7.108621900693543050e-02,1.031021497047158175e-01,1.351180804024962046e-01,1.671340111002765916e-01,1.991499417980569786e-01,2.311658724958373656e-01,2.631818031936177249e-01,2.812752051772688389e-01,2.950371537831903423e-01,3.087991023891118458e-01,3.225610509950332938e-01,3.363229996009547973e-01,3.500849482068763008e-01,3.638468968127978043e-01,3.776088454187193078e-01,3.906757338438952010e-01,4.021594296351505005e-01,4.136431254264057999e-01,4.251268212176610439e-01,4.366105170089163434e-01,4.480942128001716429e-01,4.595779085914268869e-01,4.710616043826821864e-01,4.825453001739374859e-01,4.966299617688196832e-01,5.111827972083548000e-01,5.257356326478899167e-01,5.402884680874250334e-01,5.548413035269601501e-01,5.693941389664952668e-01,5.839469744060303835e-01,5.984998098455655002e-01,6.130783705061410016e-01,6.276971967300839506e-01,6.423160229540268995e-01,6.569348491779698485e-01,6.715536754019127974e-01,6.861725016258557464e-01,7.007913278497986953e-01,7.154101540737416443e-01,7.300289802976845932e-01,7.354967149407902749e-01,7.402989156507440160e-01,7.451011163606977572e-01,7.499033170706514984e-01,7.547055177806052395e-01,7.595077184905589807e-01,7.643099192005127218e-01,7.691121199104664630e-01,7.771662800570823260e-01,7.888208238657173910e-01,8.004753676743523449e-01,8.121299114829872989e-01,8.237844552916223639e-01,8.354389991002573179e-01,8.470935429088923829e-01,8.587480867175273369e-01,8.704103854638233217e-01,8.825224705944544334e-01,8.946345557250855451e-01,9.067466408557166568e-01,9.188587259863478796e-01,9.309708111169789913e-01,9.430828962476101029e-01,9.551949813782412146e-01,9.673070665088723263e-01,9.742557803697003971e-01,9.771363835331074998e-01,9.800169866965146026e-01,9.828975898599217054e-01,9.857781930233289192e-01,9.886587961867360219e-01,9.915393993501431247e-01,9.944200025135502274e-01,9.970339484337932268e-01,9.972924220394197015e-01,9.975508956450461762e-01,9.978093692506726509e-01,9.980678428562991256e-01,9.983263164619256003e-01,9.985847900675520750e-01,9.988432636731785497e-01,9.991017372788050244e-01,9.991372349597383851e-01,9.990495091033414488e-01,9.989617832469445124e-01,9.988740573905475761e-01,9.987863315341506398e-01,9.986986056777537035e-01,9.986108798213567672e-01,9.985231539649597199e-01,9.984859127916470012e-01,9.986689684172470605e-01,9.988520240428471197e-01,9.990350796684471790e-01,9.992181352940472383e-01,9.994011909196472976e-01,9.995842465452473569e-01,9.997673021708474161e-01,9.999503577964474754e-01,1.000000000000000000e+00,1.000000000000000000e+00,1.000000000000000000e+00,1.000000000000000000e+00,1.000000000000000000e+00,1.000000000000000000e+00,1.000000000000000000e+00,1.000000000000000000e+00,9.989430507208896248e-01,9.950455502541700747e-01,9.911480497874504136e-01,9.872505493207308636e-01,9.833530488540112025e-01,9.794555483872916524e-01,9.755580479205719913e-01,9.716605474538524412e-01,9.677630469871327801e-01,9.648607167526306316e-01,9.621864463630117603e-01,9.595121759733927780e-01,9.568379055837737956e-01,9.541636351941548133e-01,9.514893648045359420e-01,9.488150944149169597e-01,9.461408240252979773e-01,9.435748573572314557e-01,9.412048688519739637e-01,9.388348803467163606e-01,9.364648918414588685e-01,9.340949033362013765e-01,9.317249148309438844e-01,9.293549263256862814e-01,9.269849378204289003e-01,9.246149493151712973e-01,9.128306105711379015e-01,8.999804963283741799e-01,8.871303820856112354e-01,8.742802678428475138e-01,8.614301536000845694e-01,8.485800393573208478e-01,8.357299251145579033e-01,8.228798108717941817e-01,8.119606440023146021e-01,8.034922949527715241e-01,7.950239459032288902e-01,7.865555968536858122e-01,7.780872478041431783e-01,7.696188987546001004e-01,7.611505497050575775e-01,7.526822006555143885e-01,7.442138516059718656e-01,7.294122569830521208e-01,7.145014684709369845e-01,6.995906799588208491e-01,6.846798914467056019e-01,6.697691029345895775e-01,6.548583144224743302e-01,6.399475259103581948e-01,6.250367373982430585e-01,6.110987540096540771e-01,5.980394333132839080e-01,5.849801126169129617e-01,5.719207919205429036e-01,5.588614712241719573e-01,5.458021505278017882e-01,5.327428298314308419e-01,5.196835091350607838e-01,5.058220237586898982e-01,4.809307740323198743e-01,4.560395243059482961e-01,4.311482745795781613e-01,4.062570248532065831e-01,3.813657751268365592e-01,3.564745254004649810e-01,3.315832756740948462e-01,3.066920259477232680e-01,2.986480630126344127e-01,3.013676444164208323e-01,3.040872258202070855e-01,3.068068072239935051e-01,3.095263886277797583e-01,3.122459700315661224e-01,3.149655514353523755e-01,3.176851328391387952e-01,3.188237357543761141e-01,3.111791248443384061e-01,3.035345139343011978e-01,2.958899030242635453e-01,2.882452921142263369e-01,2.806006812041886289e-01,2.729560702941514205e-01,2.653114593841137681e-01,2.576668484740765042e-01,2.466019148562129115e-01,2.340353761471091754e-01,2.214688374380046898e-01,2.089022987289009536e-01,1.963357600197964681e-01,1.837692213106927319e-01,1.712026826015882464e-01,1.586361438924845102e-01,1.472423766739051065e-01,1.396182321034427909e-01,1.319940875329800312e-01,1.243699429625177155e-01,1.167457983920549558e-01,1.091216538215926540e-01,1.014975092511298804e-01,9.387336468066757866e-02,8.624922011020481893e-02,7.677335411534934317e-02,6.677417554403428102e-02,5.677499697271980866e-02,4.677581840140474650e-02,3.677663983009028109e-02,2.677746125877521199e-02,1.677828268746074658e-02,6.779104116145684422e-03,0.000000000000000000e+00,0.000000000000000000e+00,0.000000000000000000e+00,0.000000000000000000e+00,0.000000000000000000e+00,0.000000000000000000e+00,0.000000000000000000e+00,0.000000000000000000e+00,0.000000000000000000e+00,0.000000000000000000e+00,0.000000000000000000e+00,0.000000000000000000e+00,0.000000000000000000e+00,0.000000000000000000e+00,0.000000000000000000e+00,0.000000000000000000e+00,0.000000000000000000e+00,-7.431559083747343170e-03,-2.570080849795933556e-02,-4.397005791217242082e-02,-6.223930732638441321e-02,-8.050855674059750888e-02,-9.877780615480949433e-02,-1.170470555690225761e-01,-1.353163049832345755e-01,-1.535855543974476711e-01,-1.628503789126936052e-01,-1.716328235226382282e-01,-1.804152681325823515e-01,-1.891977127425269745e-01,-1.979801573524710701e-01,-2.067626019624157208e-01,-2.155450465723598164e-01,-2.243274911823044393e-01,-2.313360200603514216e-01,-2.365094636985049792e-01,-2.416829073366582314e-01,-2.468563509748117613e-01,-2.520297946129650413e-01,-2.572032382511185711e-01,-2.623766818892718233e-01,-2.675501255274253531e-01,-2.732004228020257219e-01,-2.924410487153841776e-01,-3.116816746287414674e-01,-3.309223005420999231e-01,-3.501629264554572130e-01,-3.694035523688156686e-01,-3.886441782821730140e-01,-4.078848041955314141e-01,-4.271254301088887040e-01,-4.410176917674056840e-01,-4.509773326503028756e-01,-4.609369735332006779e-01,-4.708966144160978695e-01,-4.808562552989956718e-01,-4.908158961818929189e-01,-5.007755370647907212e-01,-5.107351779476879683e-01,-5.206722433956966212e-01,-5.304416056130994983e-01,-5.402109678305030416e-01,-5.499803300479060297e-01,-5.597496922653094620e-01,-5.695190544827124501e-01,-5.792884167001159934e-01,-5.890577789175188705e-01,-5.988271411349224138e-01,-5.979041926690360498e-01,-5.914980079553082692e-01,-5.850918232415809328e-01,-5.786856385278531523e-01,-5.722794538141257048e-01,-5.658732691003979243e-01,-5.594670843866705878e-01,-5.530608996729428073e-01,-5.488290437905678498e-01,-5.531133091643247734e-01,-5.573975745380814750e-01,-5.616818399118383986e-01,-5.659661052855951002e-01,-5.702503706593520238e-01,-5.745346360331087254e-01,-5.788189014068656491e-01,-5.831031667806223506e-01,-5.952039643713895600e-01,-6.099694888543187865e-01,-6.247350133372487901e-01,-6.395005378201780166e-01,-6.542660623031081313e-01,-6.690315867860372467e-01,-6.837971112689673614e-01,-6.985626357518965879e-01,-7.091277302810508054e-01,-7.093152919832290682e-01,-7.095028536854072199e-01,-7.096904153875854826e-01,-7.098779770897637453e-01,-7.100655387919418970e-01,-7.102531004941201598e-01,-7.104406621962983115e-01,-7.106282238984765742e-01,-6.735340969848312431e-01,-6.288314621904025348e-01,-5.841288273959764910e-01,-5.394261926015477826e-01,-4.947235578071218498e-01,-4.500209230126931415e-01,-4.053182882182670976e-01,-3.606156534238384448e-01,-3.495238598362856997e-01,-3.949593900966638649e-01,-4.403949203570393656e-01,-4.858304506174175308e-01,-5.312659808777929760e-01,-5.767015111381712522e-01,-6.221370413985466419e-01,-6.675725716589249181e-01,-7.130081019193003078e-01,-7.027423650312273340e-01,-6.873191034071857164e-01,-6.718958417831432106e-01,-6.564725801591015930e-01,-6.410493185350589762e-01,-6.256260569110173586e-01,-6.102027952869748528e-01,-5.947795336629332352e-01,-5.736237404716795218e-01,-5.456738357933619277e-01,-5.177239311150426682e-01,-4.897740264367250740e-01,-4.618241217584058700e-01,-4.338742170800882758e-01,-4.059243124017690718e-01,-3.779744077234514776e-01,-3.500245030451322181e-01,1.300000000000000044e+00
-1.000000000000000000e+00,-1.000000000000000000e+00,-1.000000000000000000e+00,-1.000000000000000000e+00,-1.000000000000000000e+00,-1.000000000000000000e+00,-1.000000000000000000e+00,-1.000000000000000000e+00,-1.000000000000000000e+00,-1.000000000000000000e+00,-1.000000000000000000e+00,-1.000000000000000000e+00,-1.000000000000000000e+00,-1.000000000000000000e+00,-1.000000000000000000e+00,-1.000000000000000000e+00,-1.000000000000000000e+00,-1.000000000000000000e+00,-1.000000000000000000e+00,-1.000000000000000000e+00,-1.000000000000000000e+00,-1.000000000000000000e+00,-1.000000000000000000e+00,-1.000000000000000000e+00,-1.000000000000000000e+00,-1.000000000000000000e+00,-1.000000000000000000e+00,-1.000000000000000000e+00,-1.000000000000000000e+00,-1.000000000000000000e+00,-9.992072714237869580e-01,-9.979821454423668525e-01,-9.967570194609467471e-01,-9.955318934795266417e-01,-9.943067674981065363e-01,-9.930816415166864308e-01,-9.918565155352662144e-01,-9.864830692807429191e-01,-9.718252871768934265e-01,-9.571675050730440448e-01,-9.425097229691944412e-01,-9.278519408653449485e-01,-9.131941587614955669e-01,-8.985363766576459632e-01,-8.838785945537964706e-01,-8.742935868426726653e-01,-8.648622995676918945e-01,-8.554310122927112348e-01,-8.459997250177305750e-01,-8.365684377427498042e-01,-8.271371504677691444e-01,-8.177058631927883736e-01,-8.081032273662758225e-01,-7.984009702888725801e-01,-7.886987132114692267e-01,-7.789964561340659843e-01,-7.692941990566626309e-01,-7.595919419792593885e-01,-7.498896849018560351e-01,-7.354923019204853141e-01,-7.098266167695932438e-01,-6.841609316187007295e-01,-6.584952464678083262e-01,-6.328295613169162559e-01,-6.071638761660238526e-01,-5.814981910151313382e-01,-5.558325058642392680e-01,-5.344712136113782819e-01,-5.133085856461188090e-01,-4.921459576808595582e-01,-4.709833297156000853e-01,-4.498207017503406124e-01,-4.286580737850813616e-01,-4.074954458198218887e-01,-3.874176295641799661e-01,-3.680113634144920320e-01,-3.486050972648038204e-01,-3.291988311151156088e-01,-3.097925649654276747e-01,-2.903862988157395186e-01,-2.709800326660513070e-01,-2.472106827295549869e-01,-2.121891693428679115e-01,-1.771676559561808362e-01,-1.421461425694942327e-01,-1.071246291828071573e-01,-7.210311579612008193e-02,-3.708160240943347841e-02,-2.060089022746403042e-03,0.000000000000000000e+00,0.000000000000000000e+00,0.000000000000000000e+00,0.000000000000000000e+00,0.000000000000000000e+00,0.000000000000000000e+00,0.000000000000000000e+00,2.832797011432304068e-03,7.531094493807917629e-03,1.222939197618353076e-02,1.692768945855914475e-02,2.162598694093469803e-02,2.632428442331031029e-02,3.102258190568592255e-02,4.030787495082639726e-02,6.233482233698098285e-02,8.436176972313558231e-02,1.063887171092898765e-01,1.284156644954444482e-01,1.504426118815990754e-01,1.724695592677533695e-01,1.944965066539079412e-01,2.174161206134483659e-01,2.404065811264317898e-01,2.633970416394155190e-01,2.863875021523992204e-01,3.093779626653826442e-01,3.323684231783663456e-01,3.553588836913501026e-01,3.833896137187750019e-01,4.149485324063081904e-01,4.465074510938413788e-01,4.780663697813753998e-01,5.096252884689085327e-01,5.411842071564417767e-01,5.727431258439756867e-01,6.001834690230678504e-01,6.152680856768366624e-01,6.303527023306058075e-01,6.454373189843745084e-01,6.605219356381433204e-01,6.756065522919124655e-01,6.906911689456812775e-01,7.057757855994499785e-01,7.022753233438659981e-01,6.969763050647960201e-01,6.916772867857260421e-01,6.863782685066559530e-01,6.810792502275859750e-01,6.757802319485159970e-01,6.704812136694459079e-01,6.754951704525258283e-01,6.881777497177171687e-01,7.008603289829088423e-01,7.135429082481001828e-01,7.262254875132914123e-01,7.389080667784830858e-01,7.515906460436745373e-01,7.655580461891693389e-01,7.837011141956515825e-01,8.018441822021332710e-01,8.199872502086149595e-01,8.381303182150972031e-01,8.562733862215788916e-01,8.744164542280605801e-01,8.925595222345428237e-01,8.915014243614849399e-01,8.882399140104471069e-01,8.849784036594092740e-01,8.817168933083714411e-01,8.784553829573337191e-01,8.751938726062957752e-01,8.719323622552580533e-01,8.742871481316532023e-01,8.810758520823377404e-01,8.878645560330221675e-01,8.946532599837065947e-01,9.014419639343912438e-01,9.082306678850756709e-01,9.150193718357600980e-01,9.202142275925571102e-01,9.197774863976180271e-01,9.193407452026788329e-01,9.189040040077397498e-01,9.184672628128005556e-01,9.180305216178614724e-01,9.175937804229222783e-01,9.171570392279830841e-01,9.241129206137681518e-01,9.320544850103167356e-01,9.399960494068650974e-01,9.479376138034134591e-01,9.558791781999620429e-01,9.638207425965104047e-01,9.717623069930587665e-01,9.762236787292067897e-01,9.777692133715054634e-01,9.793147480138042482e-01,9.808602826561030330e-01,9.824058172984017068e-01,9.839513519407004916e-01,9.854968865829992763e-01,9.867172973206486120e-01,9.866836587117930879e-01,9.866500201029375638e-01,9.866163814940820398e-01,9.865827428852265157e-01,9.865491042763709917e-01,9.865154656675154676e-01,9.864818270586599436e-01,9.873654861768257351e-01,9.883890720669100682e-01,9.894126579569945124e-01,9.904362438470788454e-01,9.914598297371632896e-01,9.924834156272476227e-01,9.935070015173320668e-01,9.944223707508891286e-01,9.952415474008665663e-01,9.960607240508440041e-01,9.968799007008213309e-01,9.976990773507987686e-01,9.985182540007762064e-01,9.993374306507535332e-01,1.000000000000000000e+00,1.000000000000000000e+00,1.000000000000000000e+00,1.000000000000000000e+00,1.000000000000000000e+00,1.000000000000000000e+00,1.000000000000000000e+00,1.000000000000000000e+00,9.998754917848428070e-01,9.997295166360377072e-01,9.995835414872327185e-01,9.994375663384276187e-01,9.992915911896226300e-01,9.991456160408176412e-01,9.989996408920125415e-01,9.971442971945753131e-01,9.936772631512849063e-01,9.902102291079944996e-01,9.867431950647039818e-01,9.832761610214135750e-01,9.798091269781231683e-01,9.763420929348326505e-01,9.732276346778938603e-01,9.717585300905962065e-01,9.702894255032985527e-01,9.688203209160008988e-01,9.673512163287032450e-01,9.658821117414055912e-01,9.644130071541079374e-01,9.629439025668102836e-01,9.596564346338527507e-01,9.560180544762942878e-01,9.523796743187358249e-01,9.487412941611773620e-01,9.451029140036188991e-01,9.414645338460603252e-01,9.378261536885017513e-01,9.356776799296990799e-01,9.350191125696521999e-01,9.343605452096052089e-01,9.337019778495583289e-01,9.330434104895113379e-01,9.323848431294644579e-01,9.317262757694175779e-01,9.294619475848869827e-01,9.188768587643951768e-01,9.082917699439029269e-01,8.977066811234111210e-01,8.871215923029193151e-01,8.765365034824275092e-01,8.659514146619358144e-01,8.553663258414440085e-01,8.510913706329253925e-01,8.481685869126871502e-01,8.452458031924489079e-01,8.423230194722106656e-01,8.394002357519723123e-01,8.364774520317340700e-01,8.335546683114957167e-01,8.218797236477297652e-01,8.009221840438591755e-01,7.799646444399886969e-01,7.590071048361181072e-01,7.380495652322475175e-01,7.170920256283759286e-01,6.961344860245053390e-01,6.784997989231815740e-01,6.801376563366282602e-01,6.817755137500749463e-01,6.834133711635216324e-01,6.850512285769683185e-01,6.866890859904150046e-01,6.883269434038616907e-01,6.899648008173083769e-01,6.853658985653849900e-01,6.792928531198285658e-01,6.732198076742719195e-01,6.671467622287154953e-01,6.610737167831590710e-01,6.550006713376027578e-01,6.489276258920463336e-01,6.448861182081504495e-01,6.431300905061226869e-01,6.413740628040950353e-01,6.396180351020673838e-01,6.378620074000397322e-01,6.361059796980120806e-01,6.343499519959844291e-01,6.314877483732704855e-01,6.213739470482809724e-01,6.112601457232915703e-01,6.011463443983020571e-01,5.910325430733125440e-01,5.809187417483231419e-01,5.708049404233330737e-01,5.606911390983436716e-01,5.462297360480425912e-01,5.306411769948828905e-01,5.150526179417233008e-01,4.994640588885637111e-01,4.838754998354032888e-01,4.682869407822436436e-01,4.526983817290840539e-01,4.392338703748426276e-01,4.283045127257616991e-01,4.173751550766807705e-01,4.064457974275992314e-01,3.955164397785183028e-01,3.845870821294373743e-01,3.736577244803564457e-01,3.619870704630255842e-01,3.447566936838195595e-01,3.275263169046126466e-01,3.102959401254066218e-01,2.930655633462005971e-01,2.758351865669945724e-01,2.586048097877885477e-01,2.413744330085825229e-01,2.411402124607770481e-01,2.457162248086515177e-01,2.502922371565259874e-01,2.548682495044005125e-01,2.594442618522749822e-01,2.640202742001494518e-01,2.685962865480241435e-01,2.583820401813744505e-01,2.294334661096615324e-01,2.004848920379485866e-01,1.715363179662356408e-01,1.425877438945226949e-01,1.136391698228082503e-01,8.469059575109530447e-02,5.789826613251187332e-02,4.989606674834363986e-02,4.189386736417541335e-02,3.389166798000717296e-02,2.588946859583852317e-02,1.788726921167028971e-02,9.885069827502056261e-03,1.882870443333822807e-03,0.000000000000000000e+00,0.000000000000000000e+00,0.000000000000000000e+00,0.000000000000000000e+00,0.000000000000000000e+00,0.000000000000000000e+00,0.000000000000000000e+00,-2.328759948863174875e-02,-7.789300518611948221e-02,-1.324984108836043672e-01,-1.871038165810892384e-01,-2.417092222785741096e-01,-2.963146279760590085e-01,-3.509200336735438519e-01,-4.021072204914968862e-01,-4.179728122209267482e-01,-4.338384039503566103e-01,-4.497039956797864724e-01,-4.655695874092163344e-01,-4.814351791386461965e-01,-4.973007708680768912e-01,-5.131663625975068088e-01,-5.237116439398663559e-01,-5.324834884865359275e-01,-5.412553330332053880e-01,-5.500271775798749596e-01,-5.587990221265449753e-01,-5.675708666732144358e-01,-5.763427112198840074e-01,-5.823146421349411073e-01,-5.842866964334088031e-01,-5.862587507318764990e-01,-5.882308050303443059e-01,-5.902028593288120017e-01,-5.921749136272796976e-01,-5.941469679257473935e-01,-5.970875729707070256e-01,-6.122319174214710946e-01,-6.273762618722343865e-01,-6.425206063229976783e-01,-6.576649507737609701e-01,-6.728092952245242619e-01,-6.879536396752875538e-01,-7.030979841260516228e-01,-6.905226336289737032e-01,-6.679681929506737781e-01,-6.454137522723738529e-01,-6.228593115940738167e-01,-6.003048709157738916e-01,-5.777504302374727452e-01,-5.551959895591728200e-01,-5.562744371367928098e-01,-5.932398631771058639e-01,-6.302052892174188070e-01,-6.671707152577318611e-01,-7.041361412980466916e-01,-7.411015673383597457e-01,-7.780669933786726888e-01,-8.132446822824165311e-01,-8.198185770010483209e-01,-8.263924717196802217e-01,-8.329663664383123445e-01,-8.395402611569442453e-01,-8.461141558755760350e-01,-8.526880505942079358e-01,-8.592619453128397256e-01,-8.643714996707803078e-01,-8.689132485827387731e-01,-8.734549974946970163e-01,-8.779967464066551486e-01,-8.825384953186133918e-01,-8.870802442305715241e-01,-8.916219931425297673e-01,-8.944271909999158554e-01,-8.944271909999158554e-01,-8.944271909999158554e-01,-8.944271909999158554e-01,-8.944271909999158554e-01,-8.944271909999158554e-01,-8.944271909999158554e-01,-8.949986788453399011e-01,-9.079524033416174200e-01,-9.209061278378949389e-01,-9.338598523341724578e-01,-9.468135768304499766e-01,-9.597673013267280506e-01,-9.727210258230055695e-01,-9.856747503192830884e-01,-9.876130899751006664e-01,-9.849616859473931951e-01,-9.823102819196856128e-01,-9.796588778919780305e-01,-9.770074738642705592e-01,-9.743560698365629769e-01,-9.717046658088555056e-01,-9.712104164860827504e-01,-9.744264732557982311e-01,-9.776425300255137119e-01,-9.808585867952291926e-01,-9.840746435649445623e-01,-9.872907003346599319e-01,-9.905067571043753016e-01,-9.936430998918830415e-01,-9.941488812665350006e-01,-9.946546626411868486e-01,-9.951604440158386966e-01,-9.956662253904905446e-01,-9.961720067651423927e-01,-9.966777881397942407e-01,-9.971835695144460887e-01,-9.955210040104619518e-01,-9.928896026670871455e-01,-9.902582013237123393e-01,-9.876267999803376441e-01,-9.849953986369628378e-01,-9.823639972935879205e-01,-9.797325959502132253e-01,-9.766237546291678395e-01,-9.726396066823919107e-01,-9.686554587356165369e-01,-9.646713107888410521e-01,-9.606871628420656783e-01,-9.567030148952901936e-01,-9.527188669485147088e-01,-9.487574243529341977e-01,-9.463172402874179268e-01,-9.438770562219015448e-01,-9.414368721563851627e-01,-9.389966880908687807e-01,-9.365565040253523987e-01,-9.341163199598357947e-01,-9.316761358943194127e-01,-9.344948878101785317e-01,-9.398287830214778760e-01,-9.451626782327772203e-01,-9.504965734440765646e-01,-9.558304686553757978e-01,-9.611643638666751421e-01,-9.664982590779744864e-01,-9.712417444254931587e-01,-9.748300800395279797e-01,-9.784184156535628007e-01,-9.820067512675979549e-01,-9.855950868816326649e-01,-9.891834224956674859e-01,-9.927717581097021959e-01,-9.963600937237370170e-01,1.200000000000000178e+00
-1.000000000000000000e+00,-1.000000000000000000e+00,-1.000000000000000000e+00,-1.000000000000000000e+00,-1.000000000000000000e+00,-1.000000000000000000e+00,-1.000000000000000000e+00,-1.000000000000000000e+00,-1.000000000000000000e+00,-1.000000000000000000e+00,-1.000000000000000000e+00,-1.000000000000000000e+00,-1.000000000000000000e+00,-1.000000000000000000e+00,-1.000000000000000000e+00,-1.000000000000000000e+00,-1.000000000000000000e+00,-1.000000000000000000e+00,-1.000000000000000000e+00,-9.999652265612457569e-01,-9.997604496441376831e-01,-9.995556727270294983e-01,-9.993508958099214246e-01,-9.991461188928133508e-01,-9.989413419757051660e-01,-9.987365650585970922e-01,-9.985317881414889074e-01,-9.983270112243808336e-01,-9.981222343072727599e-01,-9.916101595255761847e-01,-9.830482129378884659e-01,-9.744862663502006361e-01,-9.659243197625129174e-01,-9.573623731748250876e-01,-9.488004265871373688e-01,-9.402384799994496500e-01,-9.316765334117618202e-01,-9.231145868240739905e-01,-9.137041664872327384e-01,-9.026439360825928571e-01,-8.915837056779529757e-01,-8.805234752733130943e-01,-8.694632448686731019e-01,-8.584030144640333315e-01,-8.473427840593934501e-01,-8.362825536547535688e-01,-8.252223232501136874e-01,-8.141620928454738060e-01,-8.056146776696597733e-01,-7.972723902676275287e-01,-7.889301028655952841e-01,-7.805878154635630395e-01,-7.722455280615307949e-01,-7.639032406594985503e-01,-7.555609532574663056e-01,-7.472186658554340610e-01,-7.388763784534018164e-01,-7.312558894779868091e-01,-7.243304656541291742e-01,-7.174050418302715393e-01,-7.104796180064139044e-01,-7.035541941825562695e-01,-6.966287703586986346e-01,-6.897033465348409997e-01,-6.827779227109833649e-01,-6.758524988871257300e-01,-6.693539342807544035e-01,-6.669532181622526146e-01,-6.645525020437508257e-01,-6.621517859252489258e-01,-6.597510698067471369e-01,-6.573503536882453480e-01,-6.549496375697435591e-01,-6.525489214512416591e-01,-6.501482053327398702e-01,-6.477474892142380813e-01,-6.389713228383469001e-01,-6.271845271742437777e-01,-6.153977315101406553e-01,-6.036109358460376439e-01,-5.918241401819345215e-01,-5.800373445178313991e-01,-5.682505488537283878e-01,-5.564637531896252653e-01,-5.446769575255221429e-01,-5.326546608421328655e-01,-5.199763256050167204e-01,-5.072979903679006863e-01,-4.946196551307845413e-01,-4.819413198936683962e-01,-4.692629846565523066e-01,-4.565846494194362171e-01,-4.439063141823202940e-01,-4.312279789452042045e-01,-4.185496437080881149e-01,-4.086227562238975985e-01,-3.991850150068938508e-01,-3.897472737898901585e-01,-3.803095325728864107e-01,-3.708717913558827184e-01,-3.614340501388789706e-01,-3.519963089218754448e-01,-3.425585677048716970e-01,-3.331208264878680048e-01,-3.226536936765961872e-01,-3.108438761771485370e-01,-2.990340586777008869e-01,-2.872242411782532368e-01,-2.754144236788057531e-01,-2.636046061793581030e-01,-2.517947886799104529e-01,-2.399849711804628027e-01,-2.281751536810151526e-01,-2.164137301705839345e-01,-2.071687940890080959e-01,-1.979238580074322573e-01,-1.886789219258564188e-01,-1.794339858442807467e-01,-1.701890497627049081e-01,-1.609441136811290696e-01,-1.516991775995532588e-01,-1.424542415179774202e-01,-1.332093054364015816e-01,-1.212386444853617018e-01,-1.074792265887362652e-01,-9.371980869211060661e-02,-7.996039079548494799e-02,-6.620097289885928937e-02,-5.244155500223361688e-02,-3.868213710560795826e-02,-2.492271920898229964e-02,-1.116330131235664103e-02,0.000000000000000000e+00,0.000000000000000000e+00,0.000000000000000000e+00,0.000000000000000000e+00,0.000000000000000000e+00,0.000000000000000000e+00,0.000000000000000000e+00,0.000000000000000000e+00,0.000000000000000000e+00,0.000000000000000000e+00,8.175656272266330904e-03,1.874418755104980544e-02,2.931271882983327651e-02,3.988125010861675451e-02,5.044978138740022211e-02,6.101831266618369665e-02,7.158684394496717118e-02,8.215537522375046531e-02,9.272390650253393984e-02,1.043664976240575720e-01,1.179310905694318512e-01,1.314956835148065883e-01,1.450602764601808536e-01,1.586248694055555908e-01,1.721894623509298561e-01,1.857540552963046210e-01,1.993186482416788863e-01,2.128832411870535957e-01,2.264478341324278887e-01,2.631556572743899425e-01,3.012520742281487585e-01,3.393484911819062977e-01,3.774449081356651137e-01,4.155413250894226529e-01,4.536377420431814134e-01,4.917341589969389526e-01,5.298305759506978241e-01,5.679269929044552523e-01,5.979107964421073174e-01,6.206511951439512842e-01,6.433915938457943628e-01,6.661319925476383297e-01,6.888723912494815194e-01,7.116127899513253752e-01,7.343531886531686759e-01,7.570935873550117545e-01,7.798339860568557214e-01,8.002566467421963203e-01,8.025236929649306461e-01,8.047907391876648608e-01,8.070577854103991866e-01,8.093248316331335124e-01,8.115918778558677271e-01,8.138589240786020529e-01,8.161259703013362676e-01,8.183930165240705934e-01,8.206600627468048081e-01,8.267530260046176416e-01,8.345004398721940220e-01,8.422478537397707354e-01,8.499952676073471158e-01,8.577426814749234962e-01,8.654900953425000987e-01,8.732375092100764791e-01,8.809849230776530815e-01,8.887323369452294619e-01,8.949730155106698781e-01,8.973966313106984671e-01,8.998202471107271672e-01,9.022438629107558672e-01,9.046674787107844562e-01,9.070910945108131562e-01,9.095147103108417452e-01,9.119383261108704453e-01,9.143619419108990343e-01,9.167855577109277343e-01,9.231778276075776057e-01,9.301740231276264259e-01,9.371702186476755791e-01,9.441664141677243993e-01,9.511626096877734415e-01,9.581588052078222617e-01,9.651550007278713039e-01,9.721511962479202351e-01,9.791473917679690553e-01,9.836012506173148484e-01,9.849831193228939519e-01,9.863649880284731664e-01,9.877468567340522698e-01,9.891287254396314843e-01,9.905105941452105878e-01,9.918924628507898023e-01,9.932743315563689057e-01,9.946562002619480092e-01,9.960020114636929378e-01,9.964283563176653535e-01,9.968547011716377693e-01,9.972810460256100740e-01,9.977073908795824897e-01,9.981337357335549054e-01,9.985600805875272101e-01,9.989864254414996259e-01,9.994127702954720416e-01,9.998391151494443463e-01,1.000000000000000000e+00,1.000000000000000000e+00,1.000000000000000000e+00,1.000000000000000000e+00,1.000000000000000000e+00,1.000000000000000000e+00,1.000000000000000000e+00,1.000000000000000000e+00,1.000000000000000000e+00,9.997589096503378681e-01,9.985972925110563336e-01,9.974356753717747992e-01,9.962740582324932648e-01,9.951124410932117303e-01,9.939508239539303069e-01,9.927892068146487725e-01,9.916275896753672381e-01,9.904659725360857037e-01,9.893043553968042803e-01,9.874514136940376607e-01,9.854174107960727014e-01,9.833834078981077420e-01,9.813494050001426716e-01,9.793154021021777123e-01,9.772813992042126419e-01,9.752473963062476825e-01,9.732133934082827231e-01,9.711793905103176527e-01,9.683520178998621386e-01,9.642155852637973590e-01,9.600791526277324683e-01,9.559427199916675777e-01,9.518062873556027981e-01,9.476698547195377964e-01,9.435334220834730168e-01,9.393969894474081261e-01,9.352605568113432355e-01,9.311241241752784559e-01,9.256395425609611483e-01,9.201020923592616585e-01,9.145646421575618357e-01,9.090271919558623459e-01,9.034897417541625231e-01,8.979522915524629223e-01,8.924148413507634325e-01,8.868773911490636097e-01,8.813399409473641199e-01,8.735743112435360169e-01,8.639646709172571493e-01,8.543550305909779485e-01,8.447453902646989699e-01,8.351357499384197691e-01,8.255261096121409015e-01,8.159164692858620338e-01,8.063068289595828331e-01,7.966971886333039654e-01,7.858718022181541141e-01,7.670572272189977170e-01,7.482426522198406538e-01,7.294280772206842567e-01,7.106135022215273045e-01,6.917989272223709074e-01,6.729843522232145103e-01,6.541697772240574471e-01,6.353552022249010500e-01,6.165406272257440978e-01,5.990860337613429509e-01,5.821682751132919442e-01,5.652505164652421588e-01,5.483327578171911520e-01,5.314149991691402564e-01,5.144972405210892497e-01,4.975794818730394642e-01,4.806617232249885685e-01,4.637439645769375618e-01,4.503723824690300526e-01,4.452013336102039753e-01,4.400302847513775650e-01,4.348592358925512102e-01,4.296881870337251330e-01,4.245171381748987227e-01,4.193460893160723679e-01,4.141750404572459576e-01,4.090039915984198804e-01,4.038329427395935256e-01,3.960595344156618847e-01,3.879539099898025034e-01,3.798482855639425670e-01,3.717426611380825752e-01,3.636370367122226388e-01,3.555314122863632020e-01,3.474257878605032657e-01,3.393201634346433293e-01,3.312145390087838925e-01,3.224614530633636567e-01,3.129832102160358676e-01,3.035049673687080229e-01,2.940267245213807890e-01,2.845484816740529999e-01,2.750702388267251552e-01,2.655919959793973106e-01,2.561137531320701322e-01,2.466355102847422875e-01,2.377146260701485381e-01,2.380830524011219307e-01,2.384514787320953511e-01,2.388199050630687714e-01,2.391883313940421918e-01,2.395567577250155566e-01,2.399251840559889770e-01,2.402936103869623974e-01,2.406620367179357900e-01,2.410304630489092104e-01,2.303440744822355113e-01,2.134799952374644150e-01,1.966159159926944289e-01,1.797518367479233325e-01,1.628877575031522640e-01,1.460236782583822779e-01,1.291595990136111816e-01,1.122955197688400852e-01,9.543144052406898892e-02,8.040442549576209963e-02,7.165404654037102472e-02,6.290366758497994981e-02,5.415328862958945777e-02,4.540290967419837592e-02,3.665253071880730101e-02,2.790215176341622610e-02,1.915177280802574100e-02,1.040139385263466609e-02,1.651014897243591184e-03,0.000000000000000000e+00,0.000000000000000000e+00,0.000000000000000000e+00,0.000000000000000000e+00,0.000000000000000000e+00,0.000000000000000000e+00,0.000000000000000000e+00,0.000000000000000000e+00,0.000000000000000000e+00,-1.023098119435634709e-02,-3.605202897059051059e-02,-6.187307674682294978e-02,-8.769412452305710981e-02,-1.135151722992912837e-01,-1.393362200755254299e-01,-1.651572678517578829e-01,-1.909783156279920568e-01,-2.167993634042262030e-01,-2.426204111804586561e-01,-2.643205628702010590e-01,-2.859414665582799553e-01,-3.075623702463588516e-01,-3.291832739344363046e-01,-3.508041776225152009e-01,-3.724250813105940416e-01,-3.940459849986714946e-01,-4.156668886867503909e-01,-4.372877923748292872e-01,-4.466358233213604811e-01,-4.465746518327048387e-01,-4.465134803440492517e-01,-4.464523088553936092e-01,-4.463911373667380222e-01,-4.463299658780824353e-01,-4.462687943894267928e-01,-4.462076229007712058e-01,-4.461464514121155633e-01,-4.470020500162944499e-01,-4.530144803926684505e-01,-4.590269107690423955e-01,-4.650393411454159520e-01,-4.710517715217898971e-01,-4.770642018981638977e-01,-4.830766322745374541e-01,-4.890890626509113992e-01,-4.951014930272853443e-01,-5.011139234036593448e-01,-5.104545256588629565e-01,-5.209898562808268352e-01,-5.315251869027907139e-01,-5.420605175247539265e-01,-5.525958481467178052e-01,-5.631311787686816839e-01,-5.736665093906455626e-01,-5.842018400126087752e-01,-5.947371706345726539e-01,-6.054776733781597198e-01,-6.166526582616540519e-01,-6.278276431451492723e-01,-6.390026280286443816e-01,-6.501776129121394909e-01,-6.613525977956339341e-01,-6.725275826791290434e-01,-6.837025675626241528e-01,-6.948775524461185960e-01,-7.060525373296137053e-01,-7.105321454362120148e-01,-7.143143184618834240e-01,-7.180964914875545002e-01,-7.218786645132257984e-01,-7.256608375388970966e-01,-7.294430105645683948e-01,-7.332251835902394710e-01,-7.370073566159108802e-01,-7.407895296415821784e-01,-7.517475478268511591e-01,-7.701574052163198125e-01,-7.885672626057885770e-01,-8.069771199952572305e-01,-8.253869773847247737e-01,-8.437968347741934272e-01,-8.622066921636621917e-01,-8.806165495531297349e-01,-8.990264069425983884e-01,-9.166284869304595073e-01,-9.243352937486261078e-01,-9.320421005667920422e-01,-9.397489073849585317e-01,-9.474557142031251322e-01,-9.551625210212910666e-01,-9.628693278394576671e-01,-9.705761346576241566e-01,-9.782829414757906461e-01,-9.859897482939566915e-01,-9.892036443107521393e-01,-9.901069004868419121e-01,-9.910101566629317960e-01,-9.919134128390216798e-01,-9.928166690151115636e-01,-9.937199251912013365e-01,-9.946231813672912203e-01,-9.955264375433811042e-01,-9.964296937194708770e-01,-9.969304390850926012e-01,-9.961926896492737660e-01,-9.954549402134548197e-01,-9.947171907776358735e-01,-9.939794413418170382e-01,-9.932416919059980920e-01,-9.925039424701791457e-01,-9.917661930343601995e-01,-9.910284435985413642e-01,-9.902906941627224180e-01,-9.907969310335846824e-01,-9.915576196489953587e-01,-9.923183082644060349e-01,-9.930789968798167111e-01,-9.938396854952273873e-01,-9.946003741106380636e-01,-9.953610627260487398e-01,-9.961217513414594160e-01,-9.968824399568700922e-01,-9.957849774137642607e-01,-9.920692109654758450e-01,-9.883534445171874294e-01,-9.846376780688991248e-01,-9.809219116206107092e-01,-9.772061451723221825e-01,-9.734903787240339890e-01,-9.697746122757455733e-01,-9.660588458274570467e-01,-9.623430793791686311e-01,1.100000000000000089e+00
-1.000000000000000000e+00,-1.000000000000000000e+00,-1.000000000000000000e+00,-1.000000000000000000e+00,-1.000000000000000000e+00,-1.000000000000000000e+00,-1.000000000000000000e+00,-1.000000000000000000e+00,-1.000000000000000000e+00,-1.000000000000000000e+00,-1.000000000000000000e+00,-1.000000000000000000e+00,-1.000000000000000000e+00,-1.000000000000000000e+00,-1.000000000000000000e+00,-1.000000000000000000e+00,-1.000000000000000000e+00,-1.000000000000000000e+00,-1.000000000000000000e+00,-1.000000000000000000e+00,-1.000000000000000000e+00,-1.000000000000000000e+00,-1.000000000000000000e+00,-1.000000000000000000e+00,-9.997146943741546110e-01,-9.992465005266134570e-01,-9.987783066790723030e-01,-9.983101128315311490e-01,-9.978419189839899950e-01,-9.973737251364488410e-01,-9.969055312889075759e-01,-9.964373374413664219e-01,-9.967299585960797126e-01,-9.971981524436208666e-01,-9.976663462911620206e-01,-9.981345401387031746e-01,-9.986027339862443286e-01,-9.990709278337854826e-01,-9.995391216813266366e-01,-9.999942961525485341e-01,-9.996292499156553824e-01,-9.992642036787621196e-01,-9.988991574418689678e-01,-9.985341112049757051e-01,-9.981690649680825533e-01,-9.978040187311892906e-01,-9.974389724942961388e-01,-9.955642639584181275e-01,-9.882979043547374109e-01,-9.810315447510566944e-01,-9.737651851473758668e-01,-9.664988255436951503e-01,-9.592324659400143227e-01,-9.519661063363336062e-01,-9.446997467326527786e-01,-9.392912885226127884e-01,-9.364288433334879702e-01,-9.335663981443630410e-01,-9.307039529552382229e-01,-9.278415077661132937e-01,-9.249790625769883645e-01,-9.221166173878635464e-01,-9.192541721987387282e-01,-9.127361613762995374e-01,-9.040248111738716785e-01,-8.953134609714439307e-01,-8.866021107690160719e-01,-8.778907605665883240e-01,-8.691794103641604652e-01,-8.604680601617327174e-01,-8.517567099593048585e-01,-8.350980550981180750e-01,-8.167899596473773283e-01,-7.984818641966364705e-01,-7.801737687458957238e-01,-7.618656732951549770e-01,-7.435575778444141193e-01,-7.252494823936732615e-01,-7.071081543385834278e-01,-6.941366155486715650e-01,-6.811650767587597022e-01,-6.681935379688477283e-01,-6.552219991789358655e-01,-6.422504603890240027e-01,-6.292789215991123619e-01,-6.163073828092004991e-01,-6.024322314978288739e-01,-5.856052792830218623e-01,-5.687783270682148506e-01,-5.519513748534078390e-01,-5.351244226386008274e-01,-5.182974704237938157e-01,-5.014705182089868041e-01,-4.846435659941797924e-01,-4.606875385766946995e-01,-4.275655573271947563e-01,-3.944435760776952571e-01,-3.613215948281953138e-01,-3.281996135786953706e-01,-2.950776323291954273e-01,-2.619556510796954840e-01,-2.288336698301955130e-01,-2.030717183351343491e-01,-1.814385640193926785e-01,-1.598054097036510079e-01,-1.381722553879093374e-01,-1.165391010721676668e-01,-9.490594675642599620e-02,-7.327279244068432562e-02,-5.163963812494293260e-02,-4.303699139195008017e-02,-3.684740161872580855e-02,-3.065781184550152999e-02,-2.446822207227725837e-02,-1.827863229905298328e-02,-1.208904252582870820e-02,-5.899452752604436578e-03,0.000000000000000000e+00,0.000000000000000000e+00,0.000000000000000000e+00,0.000000000000000000e+00,0.000000000000000000e+00,0.000000000000000000e+00,0.000000000000000000e+00,0.000000000000000000e+00,1.801122588910957813e-03,9.005612944555188917e-03,1.621010330019941742e-02,2.341459365584364766e-02,3.061908401148787789e-02,3.782357436713210813e-02,4.502806472277633837e-02,5.223255507842056861e-02,7.545299894668518192e-02,1.180030418819059124e-01,1.605530848171266289e-01,2.031031277523473455e-01,2.456531706875680621e-01,2.882032136227887786e-01,3.307532565580095230e-01,3.733032994932302673e-01,4.003065596752886646e-01,4.191662669866438873e-01,4.380259742979991655e-01,4.568856816093543882e-01,4.757453889207096109e-01,4.946050962320648337e-01,5.134648035434200564e-01,5.323245108547752791e-01,5.271066717493841924e-01,5.179488705030702578e-01,5.087910692567564341e-01,4.996332680104425550e-01,4.904754667641287313e-01,4.813176655178148522e-01,4.721598642715009730e-01,4.649179422607174206e-01,4.864142087828934868e-01,5.079104753050696086e-01,5.294067418272456749e-01,5.509030083494217411e-01,5.723992748715978074e-01,5.938955413937738737e-01,6.153918079159499399e-01,6.369295751623433866e-01,6.585820797051028519e-01,6.802345842478622062e-01,7.018870887906210054e-01,7.235395933333804708e-01,7.451920978761398251e-01,7.668446024188992904e-01,7.884971069616586448e-01,8.019177958961297703e-01,8.060090938078735556e-01,8.101003917196172299e-01,8.141916896313610152e-01,8.182829875431046895e-01,8.223742854548483638e-01,8.264655833665921492e-01,8.305568812783358235e-01,8.372951141450458712e-01,8.453260361758093699e-01,8.533569582065728687e-01,8.613878802373363675e-01,8.694188022680998662e-01,8.774497242988633650e-01,8.854806463296268637e-01,8.935115683603902514e-01,9.005943923485675295e-01,9.075417737592325063e-01,9.144891551698973720e-01,9.214365365805623487e-01,9.283839179912269923e-01,9.353312994018919690e-01,9.422786808125568347e-01,9.486847825260231737e-01,9.487037838125436107e-01,9.487227850990641587e-01,9.487417863855845956e-01,9.487607876721051436e-01,9.487797889586255806e-01,9.487987902451461286e-01,9.488177915316665656e-01,9.500815593557364602e-01,9.545263972202105984e-01,9.589712350846847366e-01,9.634160729491588748e-01,9.678609108136330130e-01,9.723057486781071512e-01,9.767505865425812894e-01,9.811954244070554276e-01,9.835240637526715402e-01,9.835999756427291629e-01,9.836758875327867857e-01,9.837517994228442975e-01,9.838277113129019202e-01,9.839036232029595430e-01,9.839795350930170548e-01,9.840554469830746775e-01,9.844593285290139661e-01,9.850122871912631028e-01,9.855652458535122395e-01,9.861182045157613762e-01,9.866711631780105130e-01,9.872241218402597607e-01,9.877770805025088974e-01,9.883300391647580341e-01,9.895497581110936913e-01,9.908513598993347049e-01,9.921529616875757185e-01,9.934545634758167321e-01,9.947561652640577456e-01,9.960577670522988702e-01,9.973593688405398838e-01,9.985565132511797781e-01,9.987439030116757044e-01,9.989312927721716306e-01,9.991186825326675569e-01,9.993060722931634832e-01,9.994934620536594094e-01,9.996808518141553357e-01,9.998682415746512619e-01,1.000000000000000000e+00,1.000000000000000000e+00,1.000000000000000000e+00,1.000000000000000000e+00,1.000000000000000000e+00,1.000000000000000000e+00,1.000000000000000000e+00,1.000000000000000000e+00,9.991221158443743811e-01,9.973663475331231432e-01,9.956105792218719053e-01,9.938548109106206674e-01,9.920990425993694295e-01,9.903432742881181916e-01,9.885875059768669537e-01,9.868317376656156048e-01,9.845207722295825636e-01,9.819753902297526649e-01,9.794300082299227661e-01,9.768846262300928673e-01,9.743392442302629686e-01,9.717938622304331808e-01,9.692484802306032821e-01,9.667030982307733833e-01,9.618963741847480486e-01,9.568557182029092667e-01,9.518150622210705958e-01,9.467744062392319249e-01,9.417337502573931429e-01,9.366930942755544720e-01,9.316524382937158011e-01,9.276537918082968792e-01,9.321400797937251514e-01,9.366263677791534237e-01,9.411126557645816959e-01,9.455989437500100792e-01,9.500852317354383514e-01,9.545715197208666236e-01,9.590578077062948958e-01,9.607487976761638349e-01,9.562901320118024628e-01,9.518314663474408688e-01,9.473728006830791637e-01,9.429141350187175696e-01,9.384554693543559756e-01,9.339968036899942705e-01,9.295381380256326764e-01,9.179943355857775877e-01,8.997947985992456044e-01,8.815952616127136210e-01,8.633957246261816376e-01,8.451961876396496542e-01,8.269966506531175598e-01,8.087971136665855765e-01,7.905975766800535931e-01,7.733634274568857991e-01,7.565070386628603982e-01,7.396506498688351083e-01,7.227942610748098184e-01,7.059378722807844175e-01,6.890814834867591276e-01,6.722250946927338378e-01,6.553687058987085479e-01,6.603248343099060724e-01,6.671294811283265958e-01,6.739341279467471191e-01,6.807387747651677534e-01,6.875434215835882767e-01,6.943480684020089111e-01,7.011527152204294344e-01,7.042556067414006415e-01,6.814462111802214173e-01,6.586368156190421930e-01,6.358274200578630797e-01,6.130180244966838554e-01,5.902086289355046311e-01,5.673992333743254068e-01,5.445898378131461826e-01,5.266422602880712622e-01,5.186498339797819268e-01,5.106574076714924804e-01,5.026649813632030339e-01,4.946725550549136430e-01,4.866801287466242520e-01,4.786877024383348056e-01,4.706952761300454147e-01,4.590427901964837520e-01,4.441608398876819019e-01,4.292788895788800518e-01,4.143969392700781462e-01,3.995149889612762961e-01,3.846330386524752232e-01,3.697510883436733731e-01,3.548691380348715230e-01,3.598587245353585540e-01,3.720358881796329009e-01,3.842130518239072479e-01,3.963902154681815948e-01,4.085673791124559417e-01,4.207445427567302887e-01,4.329217064010046356e-01,4.450988700452789826e-01,4.301665814854538361e-01,4.134269961120207171e-01,3.966874107385875425e-01,3.799478253651543680e-01,3.632082399917211935e-01,3.464686546182880189e-01,3.297290692448548999e-01,3.126523867087320774e-01,2.935156659561720116e-01,2.743789452036120013e-01,2.552422244510519356e-01,2.361055036984918698e-01,2.169687829459318040e-01,1.978320621933717383e-01,1.786953414408117002e-01,1.636351481144577014e-01,1.563574162381344834e-01,1.490796843618112932e-01,1.418019524854881031e-01,1.345242206091648851e-01,1.272464887328416672e-01,1.199687568565184770e-01,1.126910249801952729e-01,1.017204257791858302e-01,8.769002222343608155e-02,7.365961866768634680e-02,5.962921511193659818e-02,4.559881155618686344e-02,3.156840800043711481e-02,1.753800444468736619e-02,3.507600888937631445e-03,0.000000000000000000e+00,0.000000000000000000e+00,0.000000000000000000e+00,0.000000000000000000e+00,0.000000000000000000e+00,0.000000000000000000e+00,0.000000000000000000e+00,0.000000000000000000e+00,0.000000000000000000e+00,0.000000000000000000e+00,0.000000000000000000e+00,0.000000000000000000e+00,0.000000000000000000e+00,0.000000000000000000e+00,0.000000000000000000e+00,-9.264464109426598240e-04,-6.855703440977719068e-03,-1.278496047101277885e-02,-1.871421750104783691e-02,-2.464347453108289496e-02,-3.057273156111795648e-02,-3.650198859115301453e-02,-4.243124562118807258e-02,-5.664700710877516171e-02,-8.563436349895794941e-02,-1.146217198891407163e-01,-1.436090762793235109e-01,-1.725964326695062778e-01,-2.015837890596890725e-01,-2.305711454498718394e-01,-2.595585018400546340e-01,-2.754365117057614443e-01,-2.811183631635409408e-01,-2.868002146213204373e-01,-2.924820660790999338e-01,-2.981639175368794303e-01,-3.038457689946589269e-01,-3.095276204524384234e-01,-3.152094719102179754e-01,-3.362545272215692882e-01,-3.620026041207495271e-01,-3.877506810199297660e-01,-4.134987579191100049e-01,-4.392468348182902438e-01,-4.649949117174705382e-01,-4.907429886166507771e-01,-5.164910655158310160e-01,-5.146901363785002514e-01,-5.120005296270879747e-01,-5.093109228756755869e-01,-5.066213161242631990e-01,-5.039317093728508112e-01,-5.012421026214384234e-01,-4.985524958700260911e-01,-4.975971779400502060e-01,-5.049979788769962674e-01,-5.123987798139423289e-01,-5.197995807508883903e-01,-5.272003816878344518e-01,-5.346011826247805132e-01,-5.420019835617266857e-01,-5.494027844986723030e-01,-5.540031587713629690e-01,-5.539361552702936065e-01,-5.538691517692242439e-01,-5.538021482681547702e-01,-5.537351447670854077e-01,-5.536681412660159340e-01,-5.536011377649465715e-01,-5.535341342638770978e-01,-5.582439702156812844e-01,-5.664396079303941622e-01,-5.746352456451069290e-01,-5.828308833598196959e-01,-5.910265210745324627e-01,-5.992221587892453405e-01,-6.074177965039581073e-01,-6.156134342186708741e-01,-6.263942611529107474e-01,-6.378989410686183303e-01,-6.494036209843260243e-01,-6.609083009000336073e-01,-6.724129808157411903e-01,-6.839176607314488843e-01,-6.954223406471564672e-01,-7.069270205628640502e-01,-6.949796468651610049e-01,-6.826600183481964512e-01,-6.703403898312318976e-01,-6.580207613142673440e-01,-6.457011327973027903e-01,-6.333815042803382367e-01,-6.210618757633736831e-01,-6.133621079402701293e-01,-6.256817364572346829e-01,-6.380013649741992365e-01,-6.503209934911637902e-01,-6.626406220081283438e-01,-6.749602505250928974e-01,-6.872798790420574511e-01,-6.995995075590220047e-01,-7.067319320593765664e-01,-7.057723182938185902e-01,-7.048127045282606140e-01,-7.038530907627026378e-01,-7.028934769971447727e-01,-7.019338632315867965e-01,-7.009742494660288203e-01,-7.000146357004709552e-01,-7.002802398266476658e-01,-7.013841509313798461e-01,-7.024880620361120265e-01,-7.035919731408440958e-01,-7.046958842455762762e-01,-7.057997953503084565e-01,-7.069037064550406368e-01,-7.080076175597728172e-01,-7.380269145060487368e-01,-7.754168000001719907e-01,-8.128066854942952446e-01,-8.501965709884184985e-01,-8.875864564825417524e-01,-9.249763419766650063e-01,-9.623662274707882602e-01,-9.997561129649135125e-01,1.200000000000000178e+00
-1.000000000000000000e+00,-1.000000000000000000e+00,-1.000000000000000000e+00,-1.000000000000000000e+00,-1.000000000000000000e+00,-1.000000000000000000e+00,-1.000000000000000000e+00,-1.000000000000000000e+00,-1.000000000000000000e+00,-1.000000000000000000e+00,-1.000000000000000000e+00,-1.000000000000000000e+00,-1.000000000000000000e+00,-1.000000000000000000e+00,-1.000000000000000000e+00,-1.000000000000000000e+00,-1.000000000000000000e+00,-1.000000000000000000e+00,-9.985734267741159798e-01,-9.967747040110449541e-01,-9.949759812479738175e-01,-9.931772584849026808e-01,-9.913785357218316552e-01,-9.895798129587605185e-01,-9.877810901956894929e-01,-9.859823674326183562e-01,-9.800479061320592766e-01,-9.564425619895061681e-01,-9.328372178469531706e-01,-9.092318737044001731e-01,-8.856265295618470645e-01,-8.620211854192940670e-01,-8.384158412767410695e-01,-8.148104971341880720e-01,-7.912051529916350745e-01,-7.806212040243785122e-01,-7.792288281220370871e-01,-7.778364522196956621e-01,-7.764440763173542370e-01,-7.750517004150128120e-01,-7.736593245126713869e-01,-7.722669486103299619e-01,-7.708745727079885368e-01,-7.694821968056471118e-01,-7.588189222425795188e-01,-7.479930003345870437e-01,-7.371670784265944576e-01,-7.263411565186019825e-01,-7.155152346106093963e-01,-7.046893127026168102e-01,-6.938633907946242241e-01,-6.830374688866316379e-01,-6.801376663516600640e-01,-6.902078773361773889e-01,-7.002780883206947138e-01,-7.103482993052118166e-01,-7.204185102897291415e-01,-7.304887212742464664e-01,-7.405589322587636802e-01,-7.506291432432808941e-01,-7.606993542277982190e-01,-7.503551412719206004e-01,-7.341134280665955192e-01,-7.178717148612706600e-01,-7.016300016559456898e-01,-6.853882884506207196e-01,-6.691465752452958604e-01,-6.529048620399708902e-01,-6.366631488346460310e-01,-6.192506562272221959e-01,-5.962184224897241203e-01,-5.731861887522260446e-01,-5.501539550147284130e-01,-5.271217212772303373e-01,-5.040894875397322616e-01,-4.810572538022341860e-01,-4.580250200647361103e-01,-4.349927863272380901e-01,-4.237344612555644652e-01,-4.213957639610301231e-01,-4.190570666664957811e-01,-4.167183693719613835e-01,-4.143796720774270415e-01,-4.120409747828926994e-01,-4.097022774883583573e-01,-4.073635801938240153e-01,-4.050248828992896177e-01,-3.867901646421060269e-01,-3.679877313505421355e-01,-3.491852980589785771e-01,-3.303828647674147412e-01,-3.115804314758509053e-01,-2.927779981842870138e-01,-2.739755648927231224e-01,-2.551731316011596196e-01,-2.376898338302688984e-01,-2.225307272148499826e-01,-2.073716205994310668e-01,-1.922125139840121510e-01,-1.770534073685934573e-01,-1.618943007531745415e-01,-1.467351941377555979e-01,-1.315760875223366821e-01,-1.164169809069177663e-01,-1.028153070621707632e-01,-8.970918000809183224e-02,-7.660305295401287351e-02,-6.349692589993394254e-02,-5.039079884585499075e-02,-3.728467179177605284e-02,-2.417854473769730228e-02,-1.107241768361835743e-02,0.000000000000000000e+00,0.000000000000000000e+00,0.000000000000000000e+00,0.000000000000000000e+00,0.000000000000000000e+00,0.000000000000000000e+00,0.000000000000000000e+00,0.000000000000000000e+00,0.000000000000000000e+00,1.050263873103617768e-02,2.953867143103928311e-02,4.857470413104238854e-02,6.761073683104550092e-02,8.664676953104860635e-02,1.056828022310514203e-01,1.247188349310545258e-01,1.437548676310576312e-01,1.627909003310607505e-01,2.027672518803340651e-01,2.438858026395667733e-01,2.850043533988000921e-01,3.261229041580334109e-01,3.672414549172667853e-01,4.083600056765001041e-01,4.494785564357327567e-01,4.905971071949660756e-01,5.210402704205077118e-01,5.312001973320351622e-01,5.413601242435629457e-01,5.515200511550903961e-01,5.616799780666181796e-01,5.718399049781455190e-01,5.819998318896730805e-01,5.921597588012007529e-01,6.023196857127282033e-01,6.110291975281874066e-01,6.192327505892037953e-01,6.274363036502204061e-01,6.356398567112367948e-01,6.438434097722531835e-01,6.520469628332697942e-01,6.602505158942861829e-01,6.684540689553029047e-01,6.760324010029584718e-01,6.797031017171094591e-01,6.833738024312605575e-01,6.870445031454115448e-01,6.907152038595626431e-01,6.943859045737137414e-01,6.980566052878647287e-01,7.017273060020158271e-01,7.053980067161668144e-01,7.082535136142082965e-01,7.103990129949930843e-01,7.125445123757778720e-01,7.146900117565626598e-01,7.168355111373474475e-01,7.189810105181322353e-01,7.211265098989170230e-01,7.232720092797018108e-01,7.254175086604865985e-01,7.304484150870613757e-01,7.356930553688799668e-01,7.409376956506983358e-01,7.461823359325169269e-01,7.514269762143352960e-01,7.566716164961536650e-01,7.619162567779722561e-01,7.671608970597906252e-01,7.739967580522847390e-01,7.840988089245860548e-01,7.942008597968873707e-01,8.043029106691889085e-01,8.144049615414902243e-01,8.245070124137917622e-01,8.346090632860930780e-01,8.447111141583943938e-01,8.548131650306959317e-01,8.615202120983376233e-01,8.669339243832521191e-01,8.723476366681663929e-01,8.777613489530806667e-01,8.831750612379950516e-01,8.885887735229093254e-01,8.940024858078238212e-01,8.994161980927380950e-01,9.052415726803951790e-01,9.140662011880362758e-01,9.228908296956771506e-01,9.317154582033182475e-01,9.405400867109591223e-01,9.493647152185999971e-01,9.581893437262410940e-01,9.670139722338818578e-01,9.758386007415229546e-01,9.806919539018118526e-01,9.818387834045722018e-01,9.829856129073326620e-01,9.841324424100930113e-01,9.852792719128534715e-01,9.864261014156138208e-01,9.875729309183742810e-01,9.887197604211346302e-01,9.898665899238950905e-01,9.906149238008813418e-01,9.913256637509078040e-01,9.920364037009342661e-01,9.927471436509607283e-01,9.934578836009871905e-01,9.941686235510136527e-01,9.948793635010401148e-01,9.955901034510665770e-01,9.962216620384342081e-01,9.966772620421157081e-01,9.971328620457973191e-01,9.975884620494788191e-01,9.980440620531603191e-01,9.984996620568418191e-01,9.989552620605234301e-01,9.994108620642049301e-01,9.998664620678864301e-01,1.000000000000000000e+00,1.000000000000000000e+00,1.000000000000000000e+00,1.000000000000000000e+00,1.000000000000000000e+00,1.000000000000000000e+00,1.000000000000000000e+00,1.000000000000000000e+00,9.990355640099699563e-01,9.897126827730144960e-01,9.803898015360588136e-01,9.710669202991033533e-01,9.617440390621476709e-01,9.524211578251922106e-01,9.430982765882367502e-01,9.337753953512810678e-01,9.244525141143256075e-01,9.120219920514616163e-01,8.964838291626900935e-01,8.809456662739184596e-01,8.654075033851464926e-01,8.498693404963748588e-01,8.343311776076028918e-01,8.187930147188313690e-01,8.032548518300597351e-01,7.877166889412876571e-01,7.725833746229926469e-01,7.574967736012904185e-01,7.424101725795887452e-01,7.273235715578870719e-01,7.122369705361849546e-01,6.971503695144832813e-01,6.820637684927811639e-01,6.669771674710793796e-01,6.512685623302351123e-01,6.340598296079285046e-01,6.168510968856224519e-01,5.996423641633158441e-01,5.824336314410097915e-01,5.652248987187037388e-01,5.480161659963971310e-01,5.308074332740910783e-01,5.135987005517844706e-01,5.032514245629339245e-01,4.959918041041381787e-01,4.887321836453423773e-01,4.814725631865461875e-01,4.742129427277503861e-01,4.669533222689546403e-01,4.596937018101588945e-01,4.524340813513630932e-01,4.449776379298875373e-01,4.354348711040123554e-01,4.258921042781371735e-01,4.163493374522620472e-01,4.068065706263868653e-01,3.972638038005110728e-01,3.877210369746358909e-01,3.781782701487607090e-01,3.686355033228855271e-01,3.636995894474327473e-01,3.636995894474327473e-01,3.636995894474327473e-01,3.636995894474327473e-01,3.636995894474327473e-01,3.636995894474327473e-01,3.636995894474327473e-01,3.636995894474327473e-01,3.636995894474327473e-01,3.265278879207415552e-01,2.842541881452863572e-01,2.419804883698337961e-01,1.997067885943812071e-01,1.574330888189286459e-01,1.151593890434760570e-01,7.288568926802091452e-02,3.061198949256832558e-02,0.000000000000000000e+00,0.000000000000000000e+00,0.000000000000000000e+00,0.000000000000000000e+00,0.000000000000000000e+00,0.000000000000000000e+00,0.000000000000000000e+00,0.000000000000000000e+00,0.000000000000000000e+00,0.000000000000000000e+00,0.000000000000000000e+00,0.000000000000000000e+00,0.000000000000000000e+00,0.000000000000000000e+00,0.000000000000000000e+00,0.000000000000000000e+00,0.000000000000000000e+00,-8.247216117874627515e-04,-1.278318498270823028e-02,-2.474164835362826706e-02,-3.670011172454830384e-02,-4.865857509546834408e-02,-6.061703846638837739e-02,-7.257550183730915316e-02,-8.453396520822918647e-02,-9.649242857914921978e-02,-1.215723025809610919e-01,-1.617174998997225333e-01,-2.018626972184864310e-01,-2.420078945372479140e-01,-2.821530918560093415e-01,-3.222982891747707690e-01,-3.624434864935322520e-01,-4.025886838122961220e-01,-4.427338811310576050e-01,-4.639126626781562845e-01,-4.820568177017894307e-01,-5.002009727254226323e-01,-5.183451277490568332e-01,-5.364892827726900348e-01,-5.546334377963232365e-01,-5.727775928199563271e-01,-5.909217478435906390e-01,-6.025252231370636924e-01,-5.953787498707476811e-01,-5.882322766044317808e-01,-5.810858033381158805e-01,-5.739393300717994251e-01,-5.667928568054835248e-01,-5.596463835391676245e-01,-5.524999102728516132e-01,-5.453534370065357129e-01,-5.472553853053931938e-01,-5.539196607438152675e-01,-5.605839361822373412e-01,-5.672482116206593039e-01,-5.739124870590813776e-01,-5.805767624975037844e-01,-5.872410379359258581e-01,-5.939053133743479318e-01,-6.001958518144445698e-01,-5.996345452852442914e-01,-5.990732387560439021e-01,-5.985119322268436237e-01,-5.979506256976432343e-01,-5.973893191684429560e-01,-5.968280126392426777e-01,-5.962667061100422883e-01,-5.957053995808420099e-01,-6.035911400533271465e-01,-6.218732460663474182e-01,-6.401553520793675789e-01,-6.584374580923889608e-01,-6.767195641054091215e-01,-6.950016701184293932e-01,-7.132837761314495539e-01,-7.315658821444698257e-01,-7.498479881574910966e-01,-7.666579701407295611e-01,-7.831975619960489521e-01,-7.997371538513683431e-01,-8.162767457066877341e-01,-8.328163375620081244e-01,-8.493559294173275154e-01,-8.658955212726469064e-01,-8.824351131279661864e-01,-8.942969946653033242e-01,-8.914575009175527143e-01,-8.886180071698021044e-01,-8.857785134220516055e-01,-8.829390196743011066e-01,-8.800995259265506077e-01,-8.772600321787998867e-01,-8.744205384310493878e-01,-8.715810446832988889e-01,-8.713571859007666065e-01,-8.726178766930879904e-01,-8.738785674854093743e-01,-8.751392582777307583e-01,-8.763999490700521422e-01,-8.776606398623734151e-01,-8.789213306546947990e-01,-8.801820214470161829e-01,-8.814520835444261682e-01,-8.829845421843162123e-01,-8.845170008242061455e-01,-8.860494594640961896e-01,-8.875819181039863448e-01,-8.891143767438762779e-01,-8.906468353837663221e-01,-8.921792940236563663e-01,-8.937117526635464104e-01,-8.973051410806384132e-01,-9.036189568036366859e-01,-9.099327725266348477e-01,-9.162465882496331204e-01,-9.225604039726317263e-01,-9.288742196956298880e-01,-9.351880354186281608e-01,-9.415018511416263225e-01,-9.478156668646245953e-01,-9.534005389043972434e-01,-9.588335476768309329e-01,-9.642665564492646224e-01,-9.696995652216983119e-01,-9.751325739941320014e-01,-9.805655827665660240e-01,-9.859985915389997135e-01,-9.914316003114334030e-01,-9.951879073491579630e-01,-9.931402468436589803e-01,-9.910925863381598866e-01,-9.890449258326609039e-01,-9.869972653271619212e-01,-9.849496048216630495e-01,-9.829019443161640668e-01,-9.808542838106649731e-01,-9.788066233051659903e-01,-9.788712303032287565e-01,-9.802266674423568693e-01,-9.815821045814849821e-01,-9.829375417206132060e-01,-9.842929788597413188e-01,-9.856484159988694316e-01,-9.870038531379976554e-01,-9.883592902771257682e-01,-9.896810967244495938e-01,-9.890859537389277145e-01,-9.884908107534058352e-01,-9.878956677678839560e-01,-9.873005247823621877e-01,-9.867053817968403084e-01,-9.861102388113184292e-01,-9.855150958257965499e-01,-9.849199528402746706e-01,-9.850581231608471766e-01,-9.862351539983867932e-01,-9.874121848359264098e-01,-9.885892156734659153e-01,-9.897662465110055319e-01,-9.909432773485450374e-01,-9.921203081860846540e-01,-9.932973390236241595e-01,-9.944743698611637761e-01,-9.951970243108463343e-01,-9.958133353506050112e-01,-9.964296463903636880e-01,-9.970459574301223649e-01,-9.976622684698809307e-01,-9.982785795096396075e-01,-9.988948905493982844e-01,-9.995112015891569612e-01,-1.000000000000000000e+00,-1.000000000000000000e+00,-1.000000000000000000e+00,-1.000000000000000000e+00,-1.000000000000000000e+00,-1.000000000000000000e+00,-1.000000000000000000e+00,-1.000000000000000000e+00,-1.000000000000000000e+00,-9.996489051133367054e-01,-9.990670907297232173e-01,-9.984852763461097291e-01,-9.979034619624962410e-01,-9.973216475788827529e-01,-9.967398331952692647e-01,-9.961580188116557766e-01,-9.955762044280422884e-01,-9.949943900444288003e-01,1.300000000000000044e+00
-7.071067811865474617e-01,-7.025570488055756790e-01,-6.980073164246038964e-01,-6.934575840436320027e-01,-6.889078516626602200e-01,-6.843581192816884373e-01,-6.797643030600345471e-01,-6.744739621556032905e-01,-6.691836212511721449e-01,-6.638932803467409993e-01,-6.586029394423098537e-01,-6.533125985378787082e-01,-6.475906879738353439e-01,-6.386751619286614723e-01,-6.297596358834876007e-01,-6.208441098383137291e-01,-6.119285837931398575e-01,-6.030130577479659859e-01,-5.951214754030142995e-01,-5.919400340790849091e-01,-5.887585927551555187e-01,-5.855771514312261283e-01,-5.823957101072968490e-01,-5.792142687833674586e-01,-5.768090435098329749e-01,-5.768877095975621927e-01,-5.769663756852915215e-01,-5.770450417730207393e-01,-5.771237078607499571e-01,-5.772023739484791749e-01,-5.767549596835247483e-01,-5.750659957862368499e-01,-5.733770318889490625e-01,-5.716880679916611641e-01,-5.699991040943732656e-01,-5.683101401970853672e-01,-5.661217826619835414e-01,-5.630345165788166462e-01,-5.599472504956497509e-01,-5.568599844124828557e-01,-5.537727183293160715e-01,-5.506854522461491763e-01,-5.456928672089338406e-01,-5.380328356360508657e-01,-5.303728040631677798e-01,-5.227127724902846939e-01,-5.150527409174017190e-01,-5.073927093445186332e-01,-4.944847707516941138e-01,-4.758041344369343673e-01,-4.571234981221743987e-01,-4.384428618074146522e-01,-4.197622254926546836e-01,-4.010815891778947706e-01,-3.803715308329716493e-01,-3.579026400619068071e-01,-3.354337492908419094e-01,-3.129648585197772892e-01,-2.904959677487123915e-01,-2.680270769776474937e-01,-2.428159062823393166e-01,-2.157399852385452899e-01,-1.886640641947512353e-01,-1.615881431509574861e-01,-1.345122221071634594e-01,-1.074363010633694049e-01,-9.340181626070319376e-02,-8.624372511244955686e-02,-7.908563396419590608e-02,-7.192754281594232468e-02,-6.476945166768868778e-02,-5.761136051943503700e-02,-4.888488601433076119e-02,-3.953105816648612436e-02,-3.017723031864148059e-02,-2.082340247079694090e-02,-1.146957462295229713e-02,-2.115746775107653355e-03,4.020440656770535304e-02,9.216087043981716076e-02,1.441173343119284134e-01,1.960737981840402211e-01,2.480302620561520288e-01,2.999867259282633092e-01,3.534824840970013371e-01,4.072861011250646923e-01,4.610897181531274369e-01,5.148933351811907366e-01,5.686969522092540918e-01,6.225005692373168920e-01,6.345264789705549191e-01,6.415390638284138580e-01,6.485516486862726859e-01,6.555642335441315138e-01,6.625768184019904528e-01,6.695894032598492807e-01,6.721655331471068084e-01,6.745198402858342268e-01,6.768741474245616452e-01,6.792284545632890636e-01,6.815827617020164819e-01,6.839555298313432230e-01,6.878605601804137493e-01,6.917655905294843866e-01,6.956706208785550238e-01,6.995756512276256611e-01,7.034806815766961874e-01,7.077716281253559893e-01,7.170794852686731558e-01,7.263873424119906552e-01,7.356951995553081547e-01,7.450030566986255431e-01,7.543109138419430426e-01,7.643037816479897328e-01,7.788426293066932349e-01,7.933814769653969590e-01,8.079203246241007941e-01,8.224591722828045182e-01,8.369980199415083533e-01,8.502335985392168727e-01,8.579302836276959665e-01,8.656269687161752824e-01,8.733236538046544872e-01,8.810203388931336921e-01,8.887170239816130080e-01,8.944869139848277140e-01,8.944764187322490345e-01,8.944659234796703551e-01,8.944554282270917867e-01,8.944449329745131072e-01,8.944344377219344278e-01,8.949617000212651829e-01,8.966885753210089849e-01,8.984154506207528978e-01,9.001423259204966998e-01,9.018692012202406127e-01,9.035960765199844147e-01,9.041520184003518645e-01,9.027060418540434616e-01,9.012600653077349477e-01,8.998140887614265448e-01,8.983681122151181420e-01,8.969221356688097391e-01,8.970084038986976260e-01,8.991376651635141215e-01,9.012669264283305059e-01,9.033961876931468904e-01,9.055254489579633859e-01,9.076547102227797703e-01,9.107984466673639812e-01,9.150061448858511914e-01,9.192138431043384017e-01,9.234215413228256120e-01,9.276292395413128222e-01,9.318369377598000325e-01,9.329797933617323125e-01,9.315908224543367755e-01,9.302018515469411275e-01,9.288128806395455905e-01,9.274239097321500536e-01,9.260349388247545166e-01,9.286224476366032876e-01,9.337829727373749833e-01,9.389434978381466790e-01,9.441040229389183747e-01,9.492645480396900703e-01,9.544250731404616550e-01,9.567983801836777991e-01,9.577780781981162228e-01,9.587577762125546466e-01,9.597374742269930703e-01,9.607171722414314941e-01,9.616968702558698068e-01,9.626210308105493940e-01,9.635242510115494818e-01,9.644274712125494586e-01,9.653306914135495465e-01,9.662339116145496343e-01,9.671371318155496111e-01,9.702236723907725624e-01,9.739056639771472845e-01,9.775876555635220067e-01,9.812696471498967288e-01,9.849516387362713399e-01,9.886336303226460620e-01,9.906186399645279250e-01,9.922929346024885744e-01,9.939672292404492238e-01,9.956415238784098731e-01,9.973158185163705225e-01,9.989901131543311719e-01,9.952764278925757546e-01,9.909955868519028099e-01,9.867147458112300873e-01,9.824339047705571426e-01,9.781530637298843089e-01,9.738722226892113643e-01,9.507911480651886071e-01,9.270137684936342604e-01,9.032363889220799136e-01,8.794590093505255668e-01,8.556816297789712200e-01,8.323916340620441945e-01,8.290843763848215753e-01,8.257771187075990671e-01,8.224698610303764479e-01,8.191626033531539397e-01,8.158553456759313205e-01,8.123042872770861456e-01,8.060714209403923025e-01,7.998385546036985705e-01,7.936056882670048385e-01,7.873728219303111064e-01,7.811399555936173744e-01,7.747171227642273283e-01,7.671544909786598421e-01,7.595918591930926889e-01,7.520292274075252026e-01,7.444665956219577163e-01,7.369039638363902300e-01,7.272376958457800189e-01,7.092806263411772782e-01,6.913235568365746486e-01,6.733664873319719080e-01,6.554094178273692783e-01,6.374523483227665377e-01,6.208845444449331286e-01,6.082319436970859972e-01,5.955793429492383106e-01,5.829267422013906241e-01,5.702741414535429376e-01,5.576215407056952511e-01,5.507660322876039016e-01,5.561488298989979429e-01,5.615316275103920951e-01,5.669144251217861363e-01,5.722972227331802886e-01,5.776800203445743298e-01,5.805297541979945741e-01,5.792632594447078009e-01,5.779967646914208057e-01,5.767302699381339215e-01,5.754637751848470373e-01,5.741972804315601531e-01,5.610195714523367183e-01,5.327114011590859954e-01,5.044032308658351615e-01,4.760950605725843277e-01,4.477868902793336048e-01,4.194787199860827709e-01,3.953635150320775060e-01,3.754412754173183098e-01,3.555190358025582809e-01,3.355967961877981964e-01,3.156745565730381120e-01,2.957523169582780831e-01,2.799785881396364418e-01,2.674707082455986540e-01,2.549628283515608662e-01,2.424549484575231062e-01,2.299470685634853184e-01,2.174391886694475307e-01,2.065871680742394911e-01,1.967541378167720345e-01,1.869211075593046056e-01,1.770880773018371490e-01,1.672550470443697201e-01,1.574220167869022635e-01,1.590121033213434121e-01,1.660131399151096587e-01,1.730141765088758776e-01,1.800152131026421243e-01,1.870162496964083432e-01,1.940172862901745898e-01,1.811315691174890941e-01,1.611892618986430215e-01,1.412469546797969211e-01,1.213046474609508624e-01,1.013623402421047759e-01,8.142003302325870329e-02,6.699384135253375061e-02,5.396726108954101597e-02,4.094068082654828827e-02,2.791410056355554670e-02,1.488752030056281206e-02,1.860940037570077421e-03,0.000000000000000000e+00,0.000000000000000000e+00,0.000000000000000000e+00,0.000000000000000000e+00,0.000000000000000000e+00,0.000000000000000000e+00,-9.688234776505289317e-03,-2.025721816905647413e-02,-3.082620156160765720e-02,-4.139518495415884375e-02,-5.196416834671002682e-02,-6.253315173926077275e-02,-9.746508017610067132e-02,-1.329912267847529472e-01,-1.685173733934052231e-01,-2.040435200020574991e-01,-2.395696666107097750e-01,-2.737296250430260591e-01,-2.710025027142761722e-01,-2.682753803855262853e-01,-2.655482580567764539e-01,-2.628211357280265670e-01,-2.600940133992766801e-01,-2.609739091335937511e-01,-2.961204764670519740e-01,-3.312670438005101969e-01,-3.664136111339684754e-01,-4.015601784674267538e-01,-4.367067458008849767e-01,-4.692936182936128797e-01,-4.879006189638909197e-01,-5.065076196341690151e-01,-5.251146203044471106e-01,-5.437216209747252060e-01,-5.623286216450025243e-01,-5.761566855804787224e-01,-5.724619814883461499e-01,-5.687672773962135775e-01,-5.650725733040810050e-01,-5.613778692119484326e-01,-5.576831651198158601e-01,-5.618861891157845845e-01,-5.870353615193256713e-01,-6.121845339228667582e-01,-6.373337063264077340e-01,-6.624828787299488209e-01,-6.876320511334887975e-01,-7.056583605021666816e-01,-7.094389438011170501e-01,-7.132195271000674186e-01,-7.170001103990177871e-01,-7.207806936979681556e-01,-7.245612769969185241e-01,-7.309526253819748076e-01,-7.413787925364671016e-01,-7.518049596909595067e-01,-7.622311268454519118e-01,-7.726572939999443168e-01,-7.830834611544362778e-01,-7.952468907693061029e-01,-8.095133223098960329e-01,-8.237797538504860739e-01,-8.380461853910760039e-01,-8.523126169316659340e-01,-8.665790484722559750e-01,-8.769237493440451559e-01,-8.835291256246524672e-01,-8.901345019052597785e-01,-8.967398781858670898e-01,-9.033452544664740680e-01,-9.099506307470813793e-01,-9.172190852222622537e-01,-9.249848483433733559e-01,-9.327506114644844581e-01,-9.405163745855955604e-01,-9.482821377067065516e-01,-9.560479008278176538e-01,-9.614204292864557688e-01,-9.653931412444021198e-01,-9.693658532023484709e-01,-9.733385651602948219e-01,-9.773112771182410619e-01,-9.812839890761874129e-01,-9.838843495657784155e-01,-9.858695180178307371e-01,-9.878546864698831698e-01,-9.898398549219354914e-01,-9.918250233739878130e-01,-9.938101918260402456e-01,-9.949391289141243933e-01,-9.957826555475525199e-01,-9.966261821809806465e-01,-9.974697088144086621e-01,-9.983132354478367887e-01,-9.991567620812649153e-01,-9.994104488513749773e-01,-9.995253497712925927e-01,-9.996402506912103192e-01,-9.997551516111279346e-01,-9.998700525310455500e-01,-9.999849534509631654e-01,-1.000000000000000000e+00,-1.000000000000000000e+00,-1.000000000000000000e+00,-1.000000000000000000e+00,-1.000000000000000000e+00,-1.000000000000000000e+00,-9.941161341514055394e-01,-9.877796632375349661e-01,-9.814431923236639488e-01,-9.751067214097933755e-01,-9.687702504959229133e-01,-9.624337795820517849e-01,-9.601167260688079352e-01,-9.578480992712339326e-01,-9.555794724736601520e-01,-9.533108456760861493e-01,-9.510422188785123687e-01,-9.486550050316170379e-01,-9.438960501982947005e-01,-9.391370953649719189e-01,-9.343781405316495814e-01,-9.296191856983272439e-01,-9.248602308650044623e-01,-9.193832004237596500e-01,-9.079222065831581423e-01,-8.964612127425575228e-01,-8.850002189019559040e-01,-8.735392250613553955e-01,-8.620782312207537768e-01,-8.519641174036808318e-01,-8.485844037042454824e-01,-8.452046900048104661e-01,-8.418249763053754497e-01,-8.384452626059401004e-01,-8.350655489065050840e-01,-8.320648256027796119e-01,-8.303606483896404100e-01,-8.286564711765012081e-01,-8.269522939633620062e-01,-8.252481167502226933e-01,-8.235439395370836024e-01,-8.223247215251749953e-01,-8.223179015163432082e-01,-8.223110815075114211e-01,-8.223042614986796339e-01,-8.222974414898478468e-01,-8.222906214810160597e-01,-8.156361053341393275e-01,-7.963738896151060231e-01,-7.771116738960743842e-01,-7.578494581770410798e-01,-7.385872424580094409e-01,-7.193250267389762476e-01,-7.112542570851424495e-01,-7.196414963507170581e-01,-7.280287356162910006e-01,-7.364159748818649431e-01,-7.448032141474396628e-01,-7.531904534130136053e-01,-7.573294740786142842e-01,-7.565667040519374886e-01,-7.558039340252604710e-01,-7.550411639985835643e-01,-7.542783939719066577e-01,-7.535156239452297511e-01,-7.612793667432268263e-01,-7.767944848363803612e-01,-7.923096029295338960e-01,-8.078247210226886521e-01,-8.233398391158421870e-01,-8.388549572089969431e-01,-8.395667897502661070e-01,-8.297048468973313717e-01,-8.198429040443974136e-01,-8.099809611914625673e-01,-8.001190183385286092e-01,-7.902570754855938739e-01,-7.814910486172392812e-01,-7.733338639625393363e-01,-7.651766793078399465e-01,-7.570194946531405567e-01,-7.488623099984405007e-01,-7.407051253437411109e-01,-7.345918887552126408e-01,-7.293447318557404468e-01,-7.240975749562676977e-01,-7.188504180567955038e-01,-7.136032611573227546e-01,-7.083561042578505607e-01,-7.031603976802494049e-01,-6.979807693282333858e-01,-6.928011409762174777e-01,-6.876215126242011255e-01,-6.824418842721852174e-01,-6.772622559201688652e-01,-6.753772515312637115e-01,-6.742084697430346107e-01,-6.730396879548056210e-01,-6.718709061665766313e-01,-6.707021243783476416e-01,-6.695333425901185409e-01,-6.115394314186590741e-01,-5.458664487089278650e-01,-4.801934659991910492e-01,-4.145204832894598401e-01,-3.488475005797230244e-01,-2.831745178699918153e-01,-3.571721606047571496e-01,-4.400097163423350999e-01,-5.228472720799199891e-01,-6.056848278174979949e-01,-6.885223835550828841e-01,-7.713599392926608900e-01,1.800000000000000044e+00
-1.000000000000000000e+00,-1.000000000000000000e+00,-1.000000000000000000e+00,-1.000000000000000000e+00,-1.000000000000000000e+00,-1.000000000000000000e+00,-1.000000000000000000e+00,-1.000000000000000000e+00,-1.000000000000000000e+00,-1.000000000000000000e+00,-9.999075383364532943e-01,-9.994788524418275477e-01,-9.990501665472019122e-01,-9.986214806525761656e-01,-9.981927947579505300e-01,-9.977641088633247834e-01,-9.973354229686991479e-01,-9.969067370740734013e-01,-9.964780511794477658e-01,-9.960493652848220192e-01,-9.932936307278562582e-01,-9.874704229341695338e-01,-9.816472151404829205e-01,-9.758240073467961961e-01,-9.700007995531094718e-01,-9.641775917594227474e-01,-9.583543839657360230e-01,-9.525311761720492987e-01,-9.467079683783625743e-01,-9.408847605846759610e-01,-9.377757177264215427e-01,-9.361471284693120287e-01,-9.345185392122025148e-01,-9.328899499550931118e-01,-9.312613606979835978e-01,-9.296327714408740839e-01,-9.280041821837645699e-01,-9.263755929266550559e-01,-9.247470036695456530e-01,-9.231184144124361390e-01,-9.190565769398780782e-01,-9.146076317966804758e-01,-9.101586866534828735e-01,-9.057097415102852711e-01,-9.012607963670876687e-01,-8.968118512238900664e-01,-8.923629060806925750e-01,-8.879139609374949726e-01,-8.834650157942973703e-01,-8.789893440978049366e-01,-8.741996354000977076e-01,-8.694099267023905897e-01,-8.646202180046834718e-01,-8.598305093069763538e-01,-8.550408006092691249e-01,-8.502510919115620069e-01,-8.454613832138548890e-01,-8.406716745161476601e-01,-8.358819658184405421e-01,-8.287542784138280938e-01,-8.160154421126432078e-01,-8.032766058114583219e-01,-7.905377695102733249e-01,-7.777989332090884389e-01,-7.650600969079035529e-01,-7.523212606067185559e-01,-7.395824243055336700e-01,-7.268435880043486730e-01,-7.141047517031637870e-01,-6.952985579757564594e-01,-6.706583667231355017e-01,-6.460181754705144330e-01,-6.213779842178934754e-01,-5.967377929652724067e-01,-5.720976017126514490e-01,-5.474574104600304914e-01,-5.228172192074094227e-01,-4.981770279547884650e-01,-4.735368367021673963e-01,-4.638623326907345690e-01,-4.598505211489404276e-01,-4.558387096071462863e-01,-4.518268980653521449e-01,-4.478150865235580591e-01,-4.438032749817638623e-01,-4.397914634399697764e-01,-4.357796518981755796e-01,-4.317678403563814937e-01,-4.277560288145873524e-01,-4.234757179513457537e-01,-4.191786258805136889e-01,-4.148815338096816241e-01,-4.105844417388495593e-01,-4.062873496680174945e-01,-4.019902575971854297e-01,-3.976931655263533649e-01,-3.933960734555213001e-01,-3.890989813846892353e-01,-3.827472229747921895e-01,-3.653516329924217376e-01,-3.479560430100510082e-01,-3.305604530276805564e-01,-3.131648630453098270e-01,-2.957692730629394307e-01,-2.783736830805687013e-01,-2.609780930981982494e-01,-2.435825031158275200e-01,-2.261869131334570959e-01,-2.089205765504407175e-01,-1.918719299031793335e-01,-1.748232832559176442e-01,-1.577746366086562602e-01,-1.407259899613945708e-01,-1.236773433141331868e-01,-1.066286966668714975e-01,-8.958005001961011349e-02,-7.253140337234842416e-02,-5.548275672508704015e-02,-4.554913502607084441e-02,-4.059603079082650667e-02,-3.564292655558207873e-02,-3.068982232033774099e-02,-2.573671808509331999e-02,-2.078361384984898225e-02,-1.583050961460455430e-02,-1.087740537936022350e-02,-5.924301144115795559e-03,-9.711969088714578202e-04,0.000000000000000000e+00,0.000000000000000000e+00,0.000000000000000000e+00,0.000000000000000000e+00,0.000000000000000000e+00,0.000000000000000000e+00,0.000000000000000000e+00,0.000000000000000000e+00,0.000000000000000000e+00,6.438162539108636517e-04,3.347844520334093688e-02,6.631307415277158668e-02,9.914770310220166749e-02,1.319823320516323173e-01,1.648169610010623842e-01,1.976515899504930340e-01,2.304862188999231010e-01,2.633208478493537785e-01,2.961554767987838455e-01,3.228169484353591856e-01,3.294156588051561085e-01,3.360143691749531425e-01,3.426130795447500654e-01,3.492117899145470994e-01,3.558105002843440223e-01,3.624092106541410563e-01,3.690079210239379792e-01,3.756066313937350132e-01,3.822053417635319361e-01,3.892925284675677888e-01,3.969743820132856094e-01,4.046562355590034299e-01,4.123380891047214725e-01,4.200199426504392930e-01,4.277017961961571135e-01,4.353836497418749341e-01,4.430655032875930321e-01,4.507473568333108527e-01,4.584292103790286732e-01,4.766521730629441622e-01,5.001456903159593459e-01,5.236392075689737524e-01,5.471327248219881589e-01,5.706262420750025655e-01,5.941197593280177491e-01,6.176132765810321557e-01,6.411067938340465622e-01,6.646003110870608577e-01,6.880938283400761524e-01,7.058994446294112324e-01,7.229466741235893723e-01,7.399939036177674012e-01,7.570411331119460963e-01,7.740883626061241252e-01,7.911355921003021541e-01,8.081828215944802940e-01,8.252300510886588780e-01,8.422772805828369069e-01,8.581627675116700882e-01,8.633602228393301159e-01,8.685576781669902546e-01,8.737551334946501713e-01,8.789525888223101990e-01,8.841500441499701157e-01,8.893474994776302545e-01,8.945449548052902822e-01,8.997424101329503099e-01,9.049398654606104486e-01,9.100689698293793484e-01,9.150485564755743706e-01,9.200281431217692818e-01,9.250077297679644150e-01,9.299873164141594373e-01,9.349669030603543485e-01,9.399464897065493707e-01,9.449260763527445040e-01,9.499056629989394152e-01,9.548852496451343264e-01,9.594006303641863243e-01,9.635033835924445844e-01,9.676061368207026225e-01,9.717088900489607717e-01,9.758116432772188098e-01,9.799143965054770700e-01,9.840171497337351081e-01,9.881199029619932572e-01,9.922226561902512953e-01,9.963254094185095555e-01,9.975713977341164052e-01,9.978400717375004447e-01,9.981087457408844843e-01,9.983774197442686349e-01,9.986460937476526745e-01,9.989147677510368251e-01,9.991834417544208646e-01,9.994521157578050152e-01,9.997207897611890548e-01,9.999894637645732054e-01,9.999728208991871536e-01,9.999445324473206220e-01,9.999162439954542014e-01,9.998879555435876698e-01,9.998596670917212492e-01,9.998313786398547176e-01,9.998030901879882970e-01,9.997748017361217654e-01,9.997465132842552338e-01,9.992414542492292773e-01,9.965114658261257086e-01,9.937814774030221399e-01,9.910514889799185712e-01,9.883215005568148914e-01,9.855915121337113227e-01,9.828615237106077540e-01,9.801315352875041853e-01,9.774015468644005056e-01,9.746715584412969369e-01,9.716932950124433921e-01,9.683302053246773955e-01,9.649671156369112879e-01,9.616040259491452913e-01,9.582409362613792947e-01,9.548778465736134091e-01,9.515147568858473015e-01,9.481516671980813049e-01,9.447885775103153083e-01,9.414254878225493117e-01,9.383978959521649399e-01,9.355867542865431430e-01,9.327756126209213461e-01,9.299644709552994382e-01,9.271533292896776413e-01,9.243421876240558444e-01,9.215310459584340474e-01,9.187199042928120285e-01,9.159087626271902316e-01,9.130976209615684347e-01,9.080929221143204666e-01,9.026181752995811047e-01,8.971434284848418539e-01,8.916686816701027141e-01,8.861939348553634632e-01,8.807191880406241014e-01,8.752444412258848505e-01,8.697696944111457107e-01,8.642949475964064598e-01,8.585618683719952182e-01,8.464996451106286957e-01,8.344374218492620621e-01,8.223751985878955395e-01,8.103129753265285729e-01,7.982507520651620503e-01,7.861885288037955277e-01,7.741263055424290052e-01,7.620640822810620385e-01,7.500018590196954049e-01,7.389734742933293798e-01,7.309670791308104931e-01,7.229606839682913844e-01,7.149542888057724976e-01,7.069478936432536109e-01,6.989414984807347242e-01,6.909351033182156154e-01,6.829287081556967287e-01,6.749223129931778420e-01,6.669159178306590663e-01,6.523895529483392242e-01,6.305282221312447088e-01,6.086668913141501935e-01,5.868055604970557892e-01,5.649442296799604968e-01,5.430828988628660925e-01,5.212215680457715772e-01,4.993602372286771729e-01,4.774989064115818804e-01,4.556375755944874761e-01,4.394298157907756130e-01,4.258065455931813736e-01,4.121832753955866901e-01,3.985600051979924507e-01,3.849367350003982668e-01,3.713134648028040274e-01,3.576901946052093439e-01,3.440669244076151045e-01,3.304436542100208651e-01,3.168203840124266257e-01,3.033362505829513833e-01,2.898672407152286246e-01,2.763982308475059213e-01,2.629292209797832180e-01,2.494602111120605148e-01,2.359912012443378115e-01,2.225221913766141646e-01,2.090531815088914613e-01,1.955841716411687581e-01,1.814909365263261964e-01,1.627160120580856961e-01,1.439410875898451958e-01,1.251661631216046955e-01,1.063912386533628768e-01,8.761631418512236258e-02,6.884138971688186226e-02,5.006646524864136194e-02,3.129154078040083387e-02,1.251661631216033355e-02,-1.401773208032766616e-03,-5.607092832131066462e-03,-9.812412456229657742e-03,-1.401773208032795759e-02,-1.822305170442625744e-02,-2.242837132852455728e-02,-2.663369095262285713e-02,-3.083901057672115698e-02,-3.504433020081945682e-02,-3.924964982491775667e-02,-5.617872624989161262e-02,-8.355946004701046703e-02,-1.109401938441293145e-01,-1.383209276412481759e-01,-1.657016614383670094e-01,-1.930823952354858708e-01,-2.204631290326047321e-01,-2.478438628297235935e-01,-2.752245966268443422e-01,-3.026053304239632036e-01,-3.173880649722543024e-01,-3.282944920593685034e-01,-3.392009191464826490e-01,-3.501073462335967945e-01,-3.610137733207109956e-01,-3.719202004078251411e-01,-3.828266274949400638e-01,-3.937330545820542094e-01,-4.046394816691684104e-01,-4.155459087562825560e-01,-4.319956648820134082e-01,-4.485562875885165113e-01,-4.651169102950195589e-01,-4.816775330015226064e-01,-4.982381557080268752e-01,-5.147987784145299228e-01,-5.313594011210329704e-01,-5.479200238275361290e-01,-5.644806465340391766e-01,-5.793608639210250377e-01,-5.873514194979904124e-01,-5.953419750749557871e-01,-6.033325306519217168e-01,-6.113230862288870915e-01,-6.193136418058525772e-01,-6.273041973828179518e-01,-6.352947529597833265e-01,-6.432853085367487012e-01,-6.512758641137140758e-01,-6.600380948404719339e-01,-6.699027186383623711e-01,-6.797673424362521422e-01,-6.896319662341419132e-01,-6.994965900320316843e-01,-7.093612138299214553e-01,-7.192258376278112264e-01,-7.290904614257009975e-01,-7.389550852235914347e-01,-7.488197090214812057e-01,-7.549288480290667902e-01,-7.588081679424097947e-01,-7.626874878557526882e-01,-7.665668077690956927e-01,-7.704461276824385862e-01,-7.743254475957815908e-01,-7.782047675091248173e-01,-7.820840874224677108e-01,-7.859634073358107154e-01,-7.898427272491536089e-01,-7.972731608747073428e-01,-8.053642668188119025e-01,-8.134553727629163511e-01,-8.215464787070209107e-01,-8.296375846511260255e-01,-8.377286905952304741e-01,-8.458197965393350337e-01,-8.539109024834394823e-01,-8.620020084275440420e-01,-8.689815063935295569e-01,-8.581752767096149093e-01,-8.473690470257001506e-01,-8.365628173417847258e-01,-8.257565876578699671e-01,-8.149503579739552084e-01,-8.041441282900405607e-01,-7.933378986061258020e-01,-7.825316689222110433e-01,-7.717254392382963957e-01,-7.650027219277825141e-01,-7.690721444612573787e-01,-7.731415669947320213e-01,-7.772109895282065528e-01,-7.812804120616810843e-01,-7.853498345951557269e-01,-7.894192571286302584e-01,-7.934886796621049010e-01,-7.975581021955794325e-01,-8.016275247290542971e-01,-8.011472440354239222e-01,-7.959352719856054303e-01,-7.907232999357868275e-01,-7.855113278859682246e-01,-7.802993558361496218e-01,-7.750873837863310190e-01,-7.698754117365124161e-01,-7.646634396866934802e-01,-7.594514676368748773e-01,-7.542394955870563855e-01,-7.532864059773956011e-01,-7.541078507178002877e-01,-7.549292954582049742e-01,-7.557507401986097717e-01,-7.565721849390144582e-01,-7.573936296794192558e-01,-7.582150744198240533e-01,-7.590365191602287398e-01,-7.598579639006335373e-01,-7.606794086410382238e-01,-7.696575448069686853e-01,-7.793298674771991230e-01,-7.890021901474302268e-01,-7.986745128176606645e-01,-8.083468354878911022e-01,-8.180191581581215399e-01,-8.276914808283519776e-01,-8.373638034985823042e-01,-8.470361261688127419e-01,-8.556947147252133012e-01,-8.579812602803968957e-01,-8.602678058355803792e-01,-8.625543513907639737e-01,-8.648408969459474571e-01,-8.671274425011309406e-01,-8.694139880563144240e-01,-8.717005336114979075e-01,-8.739870791666815020e-01,-8.762736247218650965e-01,-8.764143407619612303e-01,-8.726210360243978892e-01,-8.688277312868344371e-01,-8.650344265492710960e-01,-8.612411218117077549e-01,-8.574478170741444139e-01,-8.536545123365810728e-01,-8.498612075990175097e-01,-8.460679028614541686e-01,-8.422745981238908275e-01,-8.158826343126260872e-01,-7.723468601695901992e-01,-7.288110860265544222e-01,-6.852753118835185342e-01,-6.417395377404826462e-01,-5.982037635974437606e-01,-5.546679894544079836e-01,-5.111322153113720956e-01,-4.675964411683362631e-01,-4.240606670253004307e-01,-4.586680767190876584e-01,-5.147648619679991988e-01,-5.708616472169106837e-01,-6.269584324658260543e-01,-6.830552177147375392e-01,-7.391520029636491351e-01,-7.952487882125606200e-01,-8.513455734614721049e-01,-9.074423587103837008e-01,-9.635391439592951857e-01,1.500000000000000000e+00
-1.000000000000000000e+00,-1.000000000000000000e+00,-1.000000000000000000e+00,-1.000000000000000000e+00,-1.000000000000000000e+00,-1.000000000000000000e+00,-1.000000000000000000e+00,-1.000000000000000000e+00,-1.000000000000000000e+00,-1.000000000000000000e+00,-9.987083036747008702e-01,-9.927195298028592685e-01,-9.867307559310177778e-01,-9.807419820591761761e-01,-9.747532081873346854e-01,-9.687644343154931947e-01,-9.627756604436515930e-01,-9.567868865718101024e-01,-9.507981126999685006e-01,-9.448093388281270100e-01,-9.392220232923631507e-01,-9.341639028359745023e-01,-9.291057823795858539e-01,-9.240476619231973165e-01,-9.189895414668086682e-01,-9.139314210104200198e-01,-9.088733005540313714e-01,-9.038151800976427230e-01,-8.987570596412540747e-01,-8.936989391848654263e-01,-8.837006526103857729e-01,-8.710077299714926724e-01,-8.583148073325996830e-01,-8.456218846937066935e-01,-8.329289620548137041e-01,-8.202360394159206036e-01,-8.075431167770276142e-01,-7.948501941381346247e-01,-7.821572714992415243e-01,-7.694643488603485348e-01,-7.624008352593552029e-01,-7.562329094598460033e-01,-7.500649836603368037e-01,-7.438970578608276041e-01,-7.377291320613184045e-01,-7.315612062618092049e-01,-7.253932804623000052e-01,-7.192253546627908056e-01,-7.130574288632816060e-01,-7.070982036967035089e-01,-7.035912109670662273e-01,-7.000842182374290568e-01,-6.965772255077918862e-01,-6.930702327781546046e-01,-6.895632400485174340e-01,-6.860562473188802635e-01,-6.825492545892429819e-01,-6.790422618596058113e-01,-6.755352691299685297e-01,-6.669426923313208633e-01,-6.461447137670481844e-01,-6.253467352027756165e-01,-6.045487566385029377e-01,-5.837507780742302588e-01,-5.629527995099575799e-01,-5.421548209456849010e-01,-5.213568423814123332e-01,-5.005588638171396543e-01,-4.797608852528669754e-01,-4.489101858917309285e-01,-4.083934088413033736e-01,-3.678766317908758188e-01,-3.273598547404482084e-01,-2.868430776900205981e-01,-2.463263006395930710e-01,-2.058095235891654884e-01,-1.652927465387378780e-01,-1.247759694883103232e-01,-8.425919243788276836e-02,-7.043969989176981916e-02,-6.672188256350558566e-02,-6.300406523524140767e-02,-5.928624790697718111e-02,-5.556843057871301006e-02,-5.185061325044878350e-02,-4.813279592218461245e-02,-4.441497859392037895e-02,-4.069716126565621483e-02,-3.697934393739198133e-02,-3.015799158842070310e-02,-2.314266830065514133e-02,-1.612734501288970099e-02,-9.112021725124139215e-03,-2.096698437358698874e-03,4.918624850406866367e-03,1.193394813817230671e-02,1.894927142593787195e-02,2.596459471370330535e-02,3.620760273455990441e-02,6.379941619577939038e-02,9.139122965699933432e-02,1.189830431182188203e-01,1.465748565794387781e-01,1.741666700406582502e-01,2.017584835018781941e-01,2.293502969630976940e-01,2.569421104243176379e-01,2.845339238855371100e-01,3.059809376326438901e-01,3.170788150191389820e-01,3.281766924056342960e-01,3.392745697921293879e-01,3.503724471786247019e-01,3.614703245651197938e-01,3.725682019516150523e-01,3.836660793381101442e-01,3.947639567246054582e-01,4.058618341111005501e-01,4.241544116800993747e-01,4.474832793768501182e-01,4.708121470736013059e-01,4.941410147703521050e-01,5.174698824671032371e-01,5.407987501638540362e-01,5.641276178606051683e-01,5.874564855573559674e-01,6.107853532541072106e-01,6.341142209508578986e-01,6.392723493890992703e-01,6.399985902033137330e-01,6.407248310175281958e-01,6.414510718317426585e-01,6.421773126459571213e-01,6.429035534601715840e-01,6.436297942743860467e-01,6.443560350886005095e-01,6.450822759028149722e-01,6.462964259589764060e-01,6.719060381124652981e-01,6.975156502659546343e-01,7.231252624194435263e-01,7.487348745729328625e-01,7.743444867264217546e-01,7.999540988799110908e-01,8.255637110333999829e-01,8.511733231868893190e-01,8.767829353403782111e-01,8.971285294188405812e-01,9.003660647534662553e-01,9.036036000880920405e-01,9.068411354227177146e-01,9.100786707573433887e-01,9.133162060919690628e-01,9.165537414265948479e-01,9.197912767612205220e-01,9.230288120958463072e-01,9.262663474304719813e-01,9.286136746139951326e-01,9.298772701353066328e-01,9.311408656566181330e-01,9.324044611779296332e-01,9.336680566992411334e-01,9.349316522205525226e-01,9.361952477418640228e-01,9.374588432631755230e-01,9.387224387844870233e-01,9.399860343057984124e-01,9.432395220588107865e-01,9.474879559276736529e-01,9.517363897965362973e-01,9.559848236653990528e-01,9.602332575342618082e-01,9.644816914031246746e-01,9.687301252719873190e-01,9.729785591408500744e-01,9.772269930097127189e-01,9.814754268785755853e-01,9.836007217495902344e-01,9.854429314208916768e-01,9.872851410921932303e-01,9.891273507634948947e-01,9.909695604347963371e-01,9.928117701060978906e-01,9.946539797773994440e-01,9.964961894487009975e-01,9.983383991200025509e-01,1.000000000000000000e+00,1.000000000000000000e+00,1.000000000000000000e+00,1.000000000000000000e+00,1.000000000000000000e+00,1.000000000000000000e+00,1.000000000000000000e+00,1.000000000000000000e+00,1.000000000000000000e+00,1.000000000000000000e+00,1.000000000000000000e+00,1.000000000000000000e+00,1.000000000000000000e+00,1.000000000000000000e+00,1.000000000000000000e+00,1.000000000000000000e+00,1.000000000000000000e+00,1.000000000000000000e+00,1.000000000000000000e+00,1.000000000000000000e+00,9.983313945446292692e-01,9.951795842400400494e-01,9.920277739354508295e-01,9.888759636308617207e-01,9.857241533262726119e-01,9.825723430216832810e-01,9.794205327170941722e-01,9.762687224125050633e-01,9.731169121079158435e-01,9.699651018033266237e-01,9.687325421631378664e-01,9.681565682765598257e-01,9.675805943899816741e-01,9.670046205034035225e-01,9.664286466168253709e-01,9.658526727302472192e-01,9.652766988436690676e-01,9.647007249570909160e-01,9.641247510705128754e-01,9.635487771839347237e-01,9.631328623604158423e-01,9.627234805598788858e-01,9.623140987593420403e-01,9.619047169588050838e-01,9.614953351582682384e-01,9.610859533577312819e-01,9.606765715571944364e-01,9.602671897566575909e-01,9.598578079561206344e-01,9.592503416420722351e-01,9.577184809316370284e-01,9.561866202212018218e-01,9.546547595107666151e-01,9.531228988003314084e-01,9.515910380898962018e-01,9.500591773794609951e-01,9.485273166690257884e-01,9.469954559585905818e-01,9.454635952481553751e-01,9.421037734393249430e-01,9.359106119279820835e-01,9.297174504166390019e-01,9.235242889052961424e-01,9.173311273939532828e-01,9.111379658826104233e-01,9.049448043712673417e-01,8.987516428599244822e-01,8.925584813485816227e-01,8.863653198372387632e-01,8.792080758457644363e-01,8.714288431574314098e-01,8.636496104690983833e-01,8.558703777807651347e-01,8.480911450924321082e-01,8.403119124040990817e-01,8.325326797157661662e-01,8.247534470274329177e-01,8.169742143390998912e-01,8.091949816507668647e-01,8.013559025567593697e-01,7.935039992329641079e-01,7.856520959091691791e-01,7.778001925853742504e-01,7.699482892615792107e-01,7.620963859377840599e-01,7.542444826139891312e-01,7.463925792901940914e-01,7.385406759663991627e-01,7.307498725681595975e-01,7.244560173460318220e-01,7.181621621239041575e-01,7.118683069017763820e-01,7.055744516796483845e-01,6.992805964575207200e-01,6.929867412353929446e-01,6.866928860132651691e-01,6.803990307911372826e-01,6.741051755690095071e-01,6.667806527031449049e-01,6.564434090325111937e-01,6.461061653618772604e-01,6.357689216912435493e-01,6.254316780206098381e-01,6.150944343499762379e-01,6.047571906793421936e-01,5.944199470087084824e-01,5.840827033380748823e-01,5.737454596674411711e-01,5.616273220149600176e-01,5.475056786329015601e-01,5.333840352508429916e-01,5.192623918687845341e-01,5.051407484867255215e-01,4.910191051046670085e-01,4.768974617226084955e-01,4.627758183405499826e-01,4.486541749584909700e-01,4.345325315764324570e-01,4.123835174596093833e-01,3.865648481497513389e-01,3.607461788398923508e-01,3.349275095300343064e-01,3.091088402201762619e-01,2.832901709103181620e-01,2.574715016004591739e-01,2.316528322906011295e-01,2.058341629807430850e-01,1.800154936708849851e-01,1.677341891065802504e-01,1.569243372320100194e-01,1.461144853574397884e-01,1.353046334828695296e-01,1.244947816082992986e-01,1.136849297337290537e-01,1.028750778591580595e-01,9.206522598458782847e-02,8.125537411001758359e-02,7.035670138905905646e-02,5.879187232018846798e-02,4.722704325131787950e-02,3.566221418244728408e-02,2.409738511357589763e-02,1.253255604470530915e-02,9.677269758347206707e-04,-1.059710209303586781e-02,-2.216193116190645629e-02,-3.372676023077704477e-02,-5.247311467439098875e-02,-8.558251986749165763e-02,-1.186919250605946163e-01,-1.518013302536952991e-01,-1.849107354467959541e-01,-2.180201406398966368e-01,-2.511295458329972918e-01,-2.842389510260979746e-01,-3.173483562191986018e-01,-3.504577614122992846e-01,-3.733115668474039639e-01,-3.877411296241524696e-01,-4.021706924009009754e-01,-4.166002551776494811e-01,-4.310298179543979868e-01,-4.454593807311464926e-01,-4.598889435078949983e-01,-4.743185062846435041e-01,-4.887480690613930090e-01,-5.031776318381414592e-01,-5.064273188542364190e-01,-5.062370440978233299e-01,-5.060467693414102408e-01,-5.058564945849971517e-01,-5.056662198285840626e-01,-5.054759450721709735e-01,-5.052856703157578844e-01,-5.050953955593447953e-01,-5.049051208029317062e-01,-5.047148460465186171e-01,-5.080052294907968502e-01,-5.113652260990889653e-01,-5.147252227073810804e-01,-5.180852193156731955e-01,-5.214452159239654216e-01,-5.248052125322575368e-01,-5.281652091405496519e-01,-5.315252057488416559e-01,-5.348852023571337710e-01,-5.397677098864299694e-01,-5.508925121918425427e-01,-5.620173144972551160e-01,-5.731421168026684665e-01,-5.842669191080810398e-01,-5.953917214134936131e-01,-6.065165237189062974e-01,-6.176413260243188708e-01,-6.287661283297314441e-01,-6.398909306351440174e-01,-6.502967707628819483e-01,-6.596755220653708340e-01,-6.690542733678590537e-01,-6.784330246703472733e-01,-6.878117759728354930e-01,-6.971905272753237126e-01,-7.065692785778119323e-01,-7.159480298803001519e-01,-7.253267811827890377e-01,-7.347055324852772573e-01,-7.425334146122032353e-01,-7.494404681661392953e-01,-7.563475217200753553e-01,-7.632545752740113043e-01,-7.701616288279473643e-01,-7.770686823818834243e-01,-7.839757359358199285e-01,-7.908827894897559885e-01,-7.977898430436920485e-01,-8.046968965976281085e-01,-8.133883575062994531e-01,-8.224118011786424320e-01,-8.314352448509854110e-01,-8.404586885233283899e-01,-8.494821321956719240e-01,-8.585055758680149030e-01,-8.675290195403578819e-01,-8.765524632127008609e-01,-8.855759068850438398e-01,-8.943248518226524224e-01,-8.986818170045114407e-01,-9.030387821863705700e-01,-9.073957473682299213e-01,-9.117527125500889396e-01,-9.161096777319479578e-01,-9.204666429138070871e-01,-9.248236080956661054e-01,-9.291805732775251236e-01,-9.335375384593842529e-01,-9.382981155060693412e-01,-9.441253810526526458e-01,-9.499526465992355062e-01,-9.557799121458182556e-01,-9.616071776924011161e-01,-9.674344432389839765e-01,-9.732617087855668370e-01,-9.790889743321495864e-01,-9.849162398787324468e-01,-9.907435054253157514e-01,-9.905665927182163433e-01,-9.841453346272885927e-01,-9.777240765363608421e-01,-9.713028184454332026e-01,-9.648815603545054520e-01,-9.584603022635777014e-01,-9.520390441726499509e-01,-9.456177860817217562e-01,-9.391965279907940056e-01,-9.327752698998662551e-01,-9.351090498533092266e-01,-9.410907623252394716e-01,-9.470724747971697166e-01,-9.530541872690999616e-01,-9.590358997410303177e-01,-9.650176122129608958e-01,-9.709993246848911408e-01,-9.769810371568214968e-01,-9.829627496287517419e-01,-9.889444621006819869e-01,-9.894084845755716229e-01,-9.894029164124152897e-01,-9.893973482492590676e-01,-9.893917800861027345e-01,-9.893862119229465124e-01,-9.893806437597901793e-01,-9.893750755966339572e-01,-9.893695074334776240e-01,-9.893639392703214019e-01,-9.895084060110376223e-01,-9.905959492903813057e-01,-9.916834925697249892e-01,-9.927710358490686726e-01,-9.938585791284123561e-01,-9.949461224077559285e-01,-9.960336656870996119e-01,-9.971212089664432954e-01,-9.982087522457868678e-01,-9.992962955251306623e-01,-9.902438270030479162e-01,-9.626013368450208052e-01,-9.349588466869935832e-01,-9.073163565289664723e-01,-8.796738663709393613e-01,-8.520313762129122503e-01,-8.243888860548851394e-01,-7.967463958968561411e-01,-7.691039057388289191e-01,-7.414614155808019191e-01,-6.871392503924629303e-01,-6.125773317328556677e-01,-5.380154130732484052e-01,-4.634534944136411427e-01,-3.888915757540339357e-01,-3.143296570944215107e-01,-2.397677384348142482e-01,-1.652058197752069857e-01,-9.064390111559972318e-02,-1.608198245599246068e-02,-7.141841290234536566e-02,-1.624768893528338032e-01,-2.535353658033222546e-01,-3.445938422538170065e-01,-4.356523187043054302e-01,-5.267107951547939093e-01,-6.177692716052822774e-01,-7.088277480557707566e-01,-7.998862245062591247e-01,-8.909447009567476039e-01,1.400000000000000133e+00
-1.000000000000000000e+00,-1.000000000000000000e+00,-1.000000000000000000e+00,-1.000000000000000000e+00,-1.000000000000000000e+00,-1.000000000000000000e+00,-1.000000000000000000e+00,-1.000000000000000000e+00,-1.000000000000000000e+00,-1.000000000000000000e+00,-9.989655770340755137e-01,-9.976031662984675696e-01,-9.962407555628597366e-01,-9.948783448272517926e-01,-9.935159340916439596e-01,-9.921535233560360156e-01,-9.907911126204281826e-01,-9.894287018848202386e-01,-9.880662911492124056e-01,-9.817713641627934251e-01,-9.708962435149071091e-01,-9.600211228670207930e-01,-9.491460022191344770e-01,-9.382708815712481609e-01,-9.273957609233618449e-01,-9.165206402754756398e-01,-9.056455196275893238e-01,-8.947703989797030077e-01,-8.869690827483174278e-01,-8.871596579998339838e-01,-8.873502332513505397e-01,-8.875408085028670957e-01,-8.877313837543836517e-01,-8.879219590059002076e-01,-8.881125342574167636e-01,-8.883031095089334306e-01,-8.884936847604499865e-01,-8.878726573308837189e-01,-8.661499601931667014e-01,-8.444272630554495729e-01,-8.227045659177325554e-01,-8.009818687800155379e-01,-7.792591716422985204e-01,-7.575364745045813919e-01,-7.358137773668641524e-01,-7.140910802291471349e-01,-6.923683830914300064e-01,-6.707347573180189038e-01,-6.491239172424533299e-01,-6.275130771668877561e-01,-6.059022370913221822e-01,-5.842913970157566084e-01,-5.626805569401911455e-01,-5.410697168646253497e-01,-5.194588767890597758e-01,-4.978480367134943130e-01,-4.820501312637711089e-01,-4.709025735147218117e-01,-4.597550157656725700e-01,-4.486074580166232728e-01,-4.374599002675739201e-01,-4.263123425185246784e-01,-4.151647847694753812e-01,-4.040172270204260840e-01,-3.928696692713768424e-01,-3.801298654816946954e-01,-3.639245850153410289e-01,-3.477193045489873069e-01,-3.315140240826336404e-01,-3.153087436162798074e-01,-2.991034631499261409e-01,-2.828981826835724189e-01,-2.666929022172187524e-01,-2.504876217508650305e-01,-2.339838707201775947e-01,-2.137492376353199719e-01,-1.935146045504623769e-01,-1.732799714656047541e-01,-1.530453383807471313e-01,-1.328107052958895362e-01,-1.125760722110319273e-01,-9.234143912617431837e-02,-7.210680604131672333e-02,-5.187217295645910053e-02,-4.412601059214063537e-02,-3.887754237193008500e-02,-3.362907415171953462e-02,-2.838060593150898078e-02,-2.313213771129834367e-02,-1.788366949108779330e-02,-1.263520127087724293e-02,-7.386733050666692557e-03,-2.138264830456142185e-03,0.000000000000000000e+00,0.000000000000000000e+00,0.000000000000000000e+00,0.000000000000000000e+00,0.000000000000000000e+00,0.000000000000000000e+00,0.000000000000000000e+00,0.000000000000000000e+00,0.000000000000000000e+00,6.571662355948836194e-03,2.524901852548808515e-02,4.392637469502733844e-02,6.260373086456688663e-02,8.128108703410613645e-02,9.995844320364538627e-02,1.186357993731846361e-01,1.373131555427238859e-01,1.559905117122631357e-01,1.743143338659972896e-01,1.898098838932906762e-01,2.053054339205840351e-01,2.208009839478773939e-01,2.362965339751707528e-01,2.517920840024641116e-01,2.672876340297574704e-01,2.827831840570508293e-01,2.982787340843442436e-01,3.137742841116378245e-01,3.325292431086847023e-01,3.517696459948438381e-01,3.710100488810029185e-01,3.902504517671619988e-01,4.094908546533210791e-01,4.287312575394801595e-01,4.479716604256392953e-01,4.672120633117983757e-01,4.864524661979574560e-01,5.065484103854983600e-01,5.271476141620874412e-01,5.477468179386765224e-01,5.683460217152656035e-01,5.889452254918547958e-01,6.095444292684437659e-01,6.301436330450329582e-01,6.507428368216223724e-01,6.713420405982113426e-01,6.849057998277477965e-01,6.874138604833444077e-01,6.899219211389411299e-01,6.924299817945377411e-01,6.949380424501343523e-01,6.974461031057309635e-01,6.999541637613275746e-01,7.024622244169241858e-01,7.049702850725207970e-01,7.086782286999926406e-01,7.192854994157460435e-01,7.298927701314994465e-01,7.405000408472529605e-01,7.511073115630063635e-01,7.617145822787597664e-01,7.723218529945131694e-01,7.829291237102666834e-01,7.935363944260200864e-01,8.041436651417734893e-01,8.164643828152341465e-01,8.289599420149913467e-01,8.414555012147486579e-01,8.539510604145058581e-01,8.664466196142631693e-01,8.789421788140203695e-01,8.914377380137776807e-01,9.039332972135349920e-01,9.164288564132921922e-01,9.237128201687265783e-01,9.283909862019993353e-01,9.330691522352719813e-01,9.377473182685447384e-01,9.424254843018174954e-01,9.471036503350902525e-01,9.517818163683630095e-01,9.564599824016357665e-01,9.611381484349084126e-01,9.640504993859996263e-01,9.645828387045849439e-01,9.651151780231703725e-01,9.656475173417556901e-01,9.661798566603411187e-01,9.667121959789264363e-01,9.672445352975118649e-01,9.677768746160971824e-01,9.683092139346825000e-01,9.690770906178475252e-01,9.708813317051629976e-01,9.726855727924783590e-01,9.744898138797938314e-01,9.762940549671091928e-01,9.780982960544246652e-01,9.799025371417400265e-01,9.817067782290554989e-01,9.835110193163708603e-01,9.853152604036863327e-01,9.865372978493240907e-01,9.877250880219219376e-01,9.889128781945198954e-01,9.901006683671178532e-01,9.912884585397157000e-01,9.924762487123136578e-01,9.936640388849115046e-01,9.948518290575094625e-01,9.960396192301073093e-01,9.966663483050313133e-01,9.970568411283031729e-01,9.974473339515750325e-01,9.978378267748467811e-01,9.982283195981186408e-01,9.986188124213903894e-01,9.990093052446622490e-01,9.993997980679341087e-01,9.997902908912058573e-01,1.000000000000000000e+00,1.000000000000000000e+00,1.000000000000000000e+00,1.000000000000000000e+00,1.000000000000000000e+00,1.000000000000000000e+00,1.000000000000000000e+00,1.000000000000000000e+00,1.000000000000000000e+00,1.000000000000000000e+00,1.000000000000000000e+00,1.000000000000000000e+00,1.000000000000000000e+00,1.000000000000000000e+00,1.000000000000000000e+00,1.000000000000000000e+00,1.000000000000000000e+00,1.000000000000000000e+00,1.000000000000000000e+00,1.000000000000000000e+00,1.000000000000000000e+00,1.000000000000000000e+00,1.000000000000000000e+00,1.000000000000000000e+00,1.000000000000000000e+00,1.000000000000000000e+00,1.000000000000000000e+00,1.000000000000000000e+00,9.965496502238819776e-01,9.918916780261226585e-01,9.872337058283632283e-01,9.825757336306039091e-01,9.779177614328445900e-01,9.732597892350852709e-01,9.686018170373259517e-01,9.639438448395666326e-01,9.592858726418073134e-01,9.546527727011867581e-01,9.500445450177048556e-01,9.454363173342230642e-01,9.408280896507411617e-01,9.362198619672592592e-01,9.316116342837774678e-01,9.270034066002955653e-01,9.223951789168137738e-01,9.177869512333318713e-01,9.114770109741002768e-01,9.003050347841550227e-01,8.891330585942097686e-01,8.779610824042645145e-01,8.667891062143192604e-01,8.556171300243738953e-01,8.444451538344286412e-01,8.332731776444833871e-01,8.221012014545381330e-01,8.109130221421834150e-01,7.988660773421312200e-01,7.868191325420789139e-01,7.747721877420267189e-01,7.627252429419744129e-01,7.506782981419217737e-01,7.386313533418695787e-01,7.265844085418172726e-01,7.145374637417650776e-01,7.024905189417127716e-01,6.864969525354062130e-01,6.693757799558841537e-01,6.522546073763620944e-01,6.351334347968400351e-01,6.180122622173179758e-01,6.008910896377959165e-01,5.837699170582739683e-01,5.666487444787517980e-01,5.495275718992298497e-01,5.386730269336872379e-01,5.332207471526099196e-01,5.277684673715326014e-01,5.223161875904552831e-01,5.168639078093780759e-01,5.114116280283007576e-01,5.059593482472234394e-01,5.005070684661461211e-01,4.950547886850688029e-01,4.863665418622303283e-01,4.699928733152103910e-01,4.536192047681904538e-01,4.372455362211705165e-01,4.208718676741505793e-01,4.044981991271306421e-01,3.881245305801107048e-01,3.717508620330907676e-01,3.553771934860708859e-01,3.394704392579772634e-01,3.315012284516300478e-01,3.235320176452828878e-01,3.155628068389356722e-01,3.075935960325885121e-01,2.996243852262412966e-01,2.916551744198941365e-01,2.836859636135469209e-01,2.757167528071997609e-01,2.677475420008525453e-01,2.600623066531215777e-01,2.524416111823488684e-01,2.448209157115761314e-01,2.372002202408034222e-01,2.295795247700306851e-01,2.219588292992579481e-01,2.143381338284852111e-01,2.067174383577125019e-01,1.990967428869397648e-01,1.917552220806291730e-01,1.846208308640807927e-01,1.774864396475324124e-01,1.703520484309840599e-01,1.632176572144356796e-01,1.560832659978872994e-01,1.489488747813389469e-01,1.418144835647905666e-01,1.346800923482421863e-01,1.252372003394750799e-01,1.111773067462700354e-01,9.711741315306497702e-02,8.305751955985993251e-02,6.899762596665487413e-02,5.493773237344981575e-02,4.087783878024477124e-02,2.681794518703971286e-02,1.275805159383465448e-02,0.000000000000000000e+00,0.000000000000000000e+00,0.000000000000000000e+00,0.000000000000000000e+00,0.000000000000000000e+00,0.000000000000000000e+00,0.000000000000000000e+00,0.000000000000000000e+00,0.000000000000000000e+00,0.000000000000000000e+00,0.000000000000000000e+00,0.000000000000000000e+00,0.000000000000000000e+00,0.000000000000000000e+00,0.000000000000000000e+00,0.000000000000000000e+00,0.000000000000000000e+00,0.000000000000000000e+00,0.000000000000000000e+00,-1.982677871047832177e-02,-5.227059841853298749e-02,-8.471441812658764281e-02,-1.171582378346423120e-01,-1.496020575426969812e-01,-1.820458772507516365e-01,-2.144896969588062918e-01,-2.469335166668609471e-01,-2.793773363749156302e-01,-3.009516369718775453e-01,-3.040477550799822182e-01,-3.071438731880868911e-01,-3.102399912961916195e-01,-3.133361094042962924e-01,-3.164322275124009654e-01,-3.195283456205056383e-01,-3.226244637286103112e-01,-3.257205818367149841e-01,-3.308316398501168210e-01,-3.494715800847998377e-01,-3.681115203194828545e-01,-3.867514605541658712e-01,-4.053914007888489435e-01,-4.240313410235319602e-01,-4.426712812582149770e-01,-4.613112214928980492e-01,-4.799511617275810660e-01,-4.985911019622640827e-01,-5.122823239172036303e-01,-5.253549560871750845e-01,-5.384275882571465388e-01,-5.515002204271179931e-01,-5.645728525970894474e-01,-5.776454847670609016e-01,-5.907181169370323559e-01,-6.037907491070038102e-01,-6.168633812769752645e-01,-6.211784673468171425e-01,-6.207394569623023717e-01,-6.203004465777877119e-01,-6.198614361932729411e-01,-6.194224258087582813e-01,-6.189834154242435105e-01,-6.185444050397288507e-01,-6.181053946552140799e-01,-6.176663842706994201e-01,-6.242940741745027777e-01,-6.412006008613160279e-01,-6.581071275481291671e-01,-6.750136542349423063e-01,-6.919201809217554455e-01,-7.088267076085685847e-01,-7.257332342953817239e-01,-7.426397609821948631e-01,-7.595462876690080023e-01,-7.752705944921005621e-01,-7.850838019965886705e-01,-7.948970095010761128e-01,-8.047102170055635550e-01,-8.145234245100509973e-01,-8.243366320145384396e-01,-8.341498395190259929e-01,-8.439630470235134352e-01,-8.537762545280008775e-01,-8.635894620324883197e-01,-8.709867368619121919e-01,-8.781907370773309740e-01,-8.853947372927497561e-01,-8.925987375081685382e-01,-8.998027377235873203e-01,-9.070067379390061024e-01,-9.142107381544248845e-01,-9.214147383698436666e-01,-9.286187385852624487e-01,-9.357139954015656347e-01,-9.427592890344913545e-01,-9.498045826674171854e-01,-9.568498763003429053e-01,-9.638951699332687362e-01,-9.709404635661944560e-01,-9.779857571991202869e-01,-9.850310508320460068e-01,-9.920763444649718377e-01,-9.961832431453915282e-01,-9.966171481351785433e-01,-9.970510531249656694e-01,-9.974849581147526845e-01,-9.979188631045398106e-01,-9.983527680943268257e-01,-9.987866730841139518e-01,-9.992205780739009668e-01,-9.996544830636880929e-01,-1.000000000000000000e+00,-1.000000000000000000e+00,-1.000000000000000000e+00,-1.000000000000000000e+00,-1.000000000000000000e+00,-1.000000000000000000e+00,-1.000000000000000000e+00,-1.000000000000000000e+00,-1.000000000000000000e+00,-1.000000000000000000e+00,-9.993412584638952101e-01,-9.986571807148634239e-01,-9.979731029658315267e-01,-9.972890252167996294e-01,-9.966049474677678432e-01,-9.959208697187359460e-01,-9.952367919697040488e-01,-9.945527142206721516e-01,-9.938686364716403654e-01,-9.941726710267655420e-01,-9.948567487757974392e-01,-9.955408265248293365e-01,-9.962249042738611227e-01,-9.969089820228930199e-01,-9.975930597719249171e-01,-9.982771375209567033e-01,-9.989612152699886005e-01,-9.996452930190204977e-01,-1.000000000000000000e+00,-1.000000000000000000e+00,-1.000000000000000000e+00,-1.000000000000000000e+00,-1.000000000000000000e+00,-1.000000000000000000e+00,-1.000000000000000000e+00,-1.000000000000000000e+00,-1.000000000000000000e+00,-9.997469747976571730e-01,-9.986959470340790457e-01,-9.976449192705009184e-01,-9.965938915069229020e-01,-9.955428637433447747e-01,-9.944918359797666474e-01,-9.934408082161886311e-01,-9.923897804526105038e-01,-9.913387526890324875e-01,-9.902877249254543601e-01,1.200000000000000178e+00
-9.960466690800923173e-01,-9.843728554691194566e-01,-9.726990418581467068e-01,-9.610252282471738461e-01,-9.493514146362009853e-01,-9.376776010252281246e-01,-9.260037874142552639e-01,-9.143299738032825141e-01,-9.026561601923096534e-01,-8.909307060581462823e-01,-8.791813209498215986e-01,-8.674319358414968040e-01,-8.556825507331720093e-01,-8.439331656248472147e-01,-8.321837805165225310e-01,-8.204343954081977364e-01,-8.086850102998729417e-01,-8.013122832364764081e-01,-8.014992382506829216e-01,-8.016861932648895461e-01,-8.018731482790961707e-01,-8.020601032933027952e-01,-8.022470583075093087e-01,-8.024340133217159332e-01,-8.026209683359225577e-01,-8.024776473801172871e-01,-7.960590829940861202e-01,-7.896405186080549532e-01,-7.832219542220236752e-01,-7.768033898359925082e-01,-7.703848254499613413e-01,-7.639662610639301743e-01,-7.575476966778990073e-01,-7.511291322918678404e-01,-7.457415221637577751e-01,-7.407288044930736559e-01,-7.357160868223895367e-01,-7.307033691517053065e-01,-7.256906514810211872e-01,-7.206779338103370680e-01,-7.156652161396528378e-01,-7.106524984689687185e-01,-7.019760598544396712e-01,-6.881704119185279023e-01,-6.743647639826159113e-01,-6.605591160467041423e-01,-6.467534681107921513e-01,-6.329478201748803823e-01,-6.191421722389685023e-01,-6.053365243030566223e-01,-5.902975117129998228e-01,-5.641582172356388591e-01,-5.380189227582775624e-01,-5.118796282809165987e-01,-4.857403338035555240e-01,-4.596010393261942828e-01,-4.334617448488332636e-01,-4.073224503714721889e-01,-3.811831558941110032e-01,-3.725252406293265151e-01,-3.687026004658929823e-01,-3.648799603024595051e-01,-3.610573201390260278e-01,-3.572346799755924951e-01,-3.534120398121590179e-01,-3.495893996487255406e-01,-3.457667594852920079e-01,-3.365939179768929757e-01,-3.213065606456760870e-01,-3.060192033144591983e-01,-2.907318459832420876e-01,-2.754444886520251989e-01,-2.601571313208083103e-01,-2.448697739895914216e-01,-2.295824166583745329e-01,-2.139230234782459605e-01,-1.961554271542840233e-01,-1.783878308303223637e-01,-1.606202345063607040e-01,-1.428526381823990166e-01,-1.250850418584373291e-01,-1.073174455344754058e-01,-8.954984921051373226e-02,-7.178225288655207259e-02,-6.192509636837425363e-02,-5.365002781135322363e-02,-4.537495925433218669e-02,-3.709989069731103872e-02,-2.882482214029000872e-02,-2.054975358326897872e-02,-1.227468502624794872e-02,-3.999616469226918714e-03,0.000000000000000000e+00,0.000000000000000000e+00,0.000000000000000000e+00,0.000000000000000000e+00,0.000000000000000000e+00,0.000000000000000000e+00,0.000000000000000000e+00,0.000000000000000000e+00,5.085860771661303639e-03,3.051516462996820001e-02,5.594446848827509811e-02,8.137377234658237091e-02,1.068030762048892551e-01,1.322323800631961532e-01,1.576616839215030652e-01,1.830909877798099494e-01,2.085202916381168337e-01,2.365241324172183135e-01,2.648680063745374458e-01,2.932118803318566336e-01,3.215557542891758214e-01,3.498996282464950092e-01,3.782435022038141414e-01,4.065873761611337178e-01,4.349312501184529056e-01,4.452476116950170315e-01,4.417782285098270645e-01,4.383088453246371530e-01,4.348394621394471304e-01,4.313700789542571634e-01,4.279006957690672519e-01,4.244313125838772849e-01,4.209619293986873179e-01,4.192272378060922788e-01,4.226966209912823014e-01,4.261660041764722129e-01,4.296353873616621799e-01,4.331047705468520914e-01,4.365741537320420584e-01,4.400435369172320255e-01,4.435129201024219925e-01,4.469823032876119040e-01,4.522540116373418573e-01,4.576544574988247183e-01,4.630549033603074127e-01,4.684553492217902737e-01,4.738557950832729682e-01,4.792562409447558291e-01,4.846566868062386901e-01,4.900571326677213846e-01,5.026056450658508146e-01,5.195975501759493298e-01,5.365894552860484001e-01,5.535813603961473595e-01,5.705732655062458747e-01,5.875651706163449450e-01,6.045570757264434603e-01,6.215489808365424196e-01,6.368342799686014244e-01,6.481374984852348309e-01,6.594407170018681263e-01,6.707439355185011998e-01,6.820471540351344952e-01,6.933503725517675687e-01,7.046535910684009751e-01,7.159568095850342706e-01,7.272600281016673440e-01,7.250432920317875229e-01,7.225974041892547772e-01,7.201515163467220315e-01,7.177056285041892858e-01,7.152597406616566511e-01,7.128138528191237944e-01,7.103679649765911597e-01,7.079220771340584140e-01,7.188521629959062631e-01,7.364702357099439656e-01,7.540883084239821121e-01,7.717063811380198146e-01,7.893244538520579612e-01,8.069425265660956637e-01,8.245605992801338102e-01,8.421786719941719568e-01,8.537338105716344439e-01,8.540292143240280076e-01,8.543246180764216824e-01,8.546200218288152461e-01,8.549154255812089209e-01,8.552108293336024847e-01,8.555062330859961595e-01,8.558016368383898342e-01,8.563621072446307991e-01,8.646095106124480623e-01,8.728569139802649923e-01,8.811043173480822555e-01,8.893517207158991855e-01,8.975991240837164487e-01,9.058465274515334897e-01,9.140939308193506418e-01,9.223413341871679050e-01,9.228916554508632686e-01,9.203989442547894084e-01,9.179062330587157703e-01,9.154135218626419102e-01,9.129208106665681610e-01,9.104280994704944119e-01,9.079353882744206627e-01,9.054426770783469136e-01,9.072089891951988783e-01,9.153638362814396912e-01,9.235186833676801710e-01,9.316735304539209839e-01,9.398283775401615747e-01,9.479832246264022766e-01,9.561380717126430895e-01,9.642929187988835693e-01,9.719917812282613534e-01,9.746748124321454876e-01,9.773578436360297328e-01,9.800408748399138670e-01,9.827239060437981122e-01,9.854069372476823574e-01,9.880899684515664916e-01,9.907729996554506258e-01,9.934560308593348710e-01,9.939064655269119752e-01,9.936774142921347419e-01,9.934483630573576196e-01,9.932193118225803863e-01,9.929902605878031530e-01,9.927612093530259196e-01,9.925321581182486863e-01,9.923031068834715640e-01,9.923218891076397430e-01,9.926435788927412407e-01,9.929652686778427384e-01,9.932869584629441251e-01,9.936086482480456228e-01,9.939303380331471205e-01,9.942520278182486182e-01,9.945737176033501159e-01,9.949350402200368704e-01,9.955539762420283489e-01,9.961729122640197165e-01,9.967918482860111951e-01,9.974107843080025626e-01,9.980297203299939302e-01,9.986486563519854087e-01,9.992675923739767763e-01,9.998865283959682548e-01,1.000000000000000000e+00,1.000000000000000000e+00,1.000000000000000000e+00,1.000000000000000000e+00,1.000000000000000000e+00,1.000000000000000000e+00,1.000000000000000000e+00,1.000000000000000000e+00,9.991213622375770820e-01,9.973640867127311349e-01,9.956068111878851878e-01,9.938495356630393518e-01,9.920922601381934047e-01,9.903349846133474577e-01,9.885777090885015106e-01,9.868204335636555635e-01,9.846082619293757832e-01,9.803697348985264126e-01,9.761312078676771531e-01,9.718926808368277825e-01,9.676541538059784120e-01,9.634156267751291525e-01,9.591770997442797819e-01,9.549385727134305224e-01,9.507000456825811519e-01,9.439484821743945320e-01,9.368102976696943696e-01,9.296721131649942071e-01,9.225339286602939337e-01,9.153957441555942154e-01,9.082575596508939419e-01,9.011193751461937795e-01,8.939811906414935061e-01,8.811549882879560203e-01,8.636749531490073295e-01,8.461949180100575285e-01,8.287148828711078385e-01,8.112348477321580376e-01,7.937548125932083476e-01,7.762747774542595458e-01,7.587947423153098558e-01,7.443095573691730360e-01,7.396645944851366616e-01,7.350196316011002873e-01,7.303746687170641350e-01,7.257297058330277606e-01,7.210847429489913862e-01,7.164397800649550119e-01,7.117948171809186375e-01,7.071498542968825962e-01,7.083310776786168050e-01,7.100419543572393799e-01,7.117528310358619548e-01,7.134637077144846407e-01,7.151745843931071045e-01,7.168854610717296794e-01,7.185963377503523652e-01,7.203072144289749401e-01,7.134843653390052776e-01,7.009723657366397909e-01,6.884603661342743042e-01,6.759483665319087065e-01,6.634363669295432198e-01,6.509243673271785102e-01,6.384123677248130235e-01,6.259003681224475368e-01,6.100168724871434245e-01,5.856054751214652132e-01,5.611940777557884452e-01,5.367826803901101229e-01,5.123712830244319116e-01,4.879598856587537004e-01,4.635484882930754336e-01,4.391370909273986101e-01,4.147256935617203988e-01,4.029399854872636744e-01,3.915896460090562692e-01,3.802393065308488640e-01,3.688889670526421805e-01,3.575386275744347753e-01,3.461882880962273701e-01,3.348379486180200204e-01,3.234876091398126152e-01,3.044588301202848513e-01,2.812955067323519298e-01,2.581321833444190639e-01,2.349688599564861702e-01,2.118055365685532765e-01,1.886422131806217706e-01,1.654788897926888769e-01,1.423155664047559832e-01,1.217882465718066604e-01,1.065329338488244237e-01,9.127762112584308918e-02,7.602230840286085256e-02,6.076699567987861594e-02,4.551168295689637933e-02,3.025637023391504477e-02,1.500105751093280815e-02,0.000000000000000000e+00,0.000000000000000000e+00,0.000000000000000000e+00,0.000000000000000000e+00,0.000000000000000000e+00,0.000000000000000000e+00,0.000000000000000000e+00,0.000000000000000000e+00,0.000000000000000000e+00,-8.664171746428238688e-03,-2.104155995561206305e-02,-3.341894816479588914e-02,-4.579633637397971524e-02,-5.817372458316281275e-02,-7.055111279234663191e-02,-8.292850100153045800e-02,-9.530588921071428410e-02,-1.230054724049134268e-01,-1.753538040532639508e-01,-2.277021357016175418e-01,-2.800504673499711328e-01,-3.323987989983247515e-01,-3.847471306466783147e-01,-4.370954622950288249e-01,-4.894437939433824436e-01,-5.391766903330860172e-01,-5.522934931016821869e-01,-5.654102958702783566e-01,-5.785270986388737491e-01,-5.916439014074700298e-01,-6.047607041760661994e-01,-6.178775069446623691e-01,-6.309943097132585388e-01,-6.441111124818539313e-01,-6.527755658003849826e-01,-6.599559026355606983e-01,-6.671362394707365251e-01,-6.743165763059117968e-01,-6.814969131410875125e-01,-6.886772499762632282e-01,-6.958575868114390550e-01,-7.030379236466147708e-01,-7.085187729468788165e-01,-7.117772154707204812e-01,-7.150356579945621460e-01,-7.182941005184038108e-01,-7.215525430422454756e-01,-7.248109855660869183e-01,-7.280694280899285831e-01,-7.313278706137702478e-01,-7.349719091483163380e-01,-7.415354603353383478e-01,-7.480990115223600245e-01,-7.546625627093820343e-01,-7.612261138964041551e-01,-7.677896650834261649e-01,-7.743532162704481747e-01,-7.809167674574698514e-01,-7.874803186444919723e-01,-7.871487330236212054e-01,-7.850933632007770502e-01,-7.830379933779328949e-01,-7.809826235550888507e-01,-7.789272537322446954e-01,-7.768718839094005402e-01,-7.748165140865563849e-01,-7.727611442637122297e-01,-7.719985650269983735e-01,-7.726179343478720707e-01,-7.732373036687458789e-01,-7.738566729896195762e-01,-7.744760423104933844e-01,-7.750954116313670816e-01,-7.757147809522407789e-01,-7.763341502731145871e-01,-7.775533703349445380e-01,-7.817718441015557573e-01,-7.859903178681671987e-01,-7.902087916347786400e-01,-7.944272654013900814e-01,-7.986457391680015228e-01,-8.028642129346127421e-01,-8.070826867012241834e-01,-8.113011604678356248e-01,-8.172083563649266136e-01,-8.234135620497492480e-01,-8.296187677345715494e-01,-8.358239734193941839e-01,-8.420291791042168184e-01,-8.482343847890394528e-01,-8.544395904738620873e-01,-8.606447961586843887e-01,-8.701533412600905848e-01,-8.825523083510078415e-01,-8.949512754419249871e-01,-9.073502425328422438e-01,-9.197492096237587234e-01,-9.321481767146759800e-01,-9.445471438055931257e-01,-9.569461108965103824e-01,-9.669311021122842797e-01,-9.681886420871554932e-01,-9.694461820620269288e-01,-9.707037220368982533e-01,-9.719612620117696888e-01,-9.732188019866410134e-01,-9.744763419615123379e-01,-9.757338819363837734e-01,-9.769914219112550979e-01,-9.755154531733876144e-01,-9.737357612452158806e-01,-9.719560693170441468e-01,-9.701763773888724129e-01,-9.683966854607005681e-01,-9.666169935325287232e-01,-9.648373016043571004e-01,-9.630576096761852556e-01,-9.636284199299268716e-01,-9.658781603136067373e-01,-9.681279006972867140e-01,-9.703776410809664688e-01,-9.726273814646464455e-01,-9.748771218483263112e-01,-9.771268622320062880e-01,-9.793766026156861537e-01,-9.812761017505572392e-01,-9.822124374512042344e-01,-9.831487731518512296e-01,-9.840851088524982249e-01,-9.850214445531452201e-01,-9.859577802537922153e-01,-9.868941159544392105e-01,-9.878304516550862058e-01,-9.887667873557332010e-01,-9.885308241701914467e-01,-9.882331610432713020e-01,-9.879354979163511574e-01,-9.876378347894310128e-01,-9.873401716625108682e-01,-9.870425085355907235e-01,-9.867448454086706899e-01,-9.864471822817505453e-01,-9.872970126587813366e-01,-9.888111813802048511e-01,-9.903253501016283655e-01,-9.918395188230518800e-01,-9.933536875444753944e-01,-9.948678562658990199e-01,-9.963820249873225343e-01,-9.978961937087460488e-01,-9.987492726241475882e-01,-9.981757893265543746e-01,-9.976023060289611610e-01,-9.970288227313679474e-01,-9.964553394337747338e-01,-9.958818561361815203e-01,-9.953083728385883067e-01,-9.947348895409950931e-01,-9.941614062434018795e-01,1.500000000000000000e+00
-9.916138758340314885e-01,-9.776827459398038656e-01,-9.637516160455761316e-01,-9.498204861513485087e-01,-9.358893562571208857e-01,-9.219582263628932628e-01,-9.086388126261291109e-01,-8.953451553591528222e-01,-8.820514980921765336e-01,-8.687578408252003559e-01,-8.554641835582240672e-01,-8.421743829722236896e-01,-8.288849214351001748e-01,-8.155954598979767711e-01,-8.023059983608533674e-01,-7.890165368237298527e-01,-7.677823410307169638e-01,-7.454523198230986747e-01,-7.231222986154803856e-01,-7.007922774078620964e-01,-6.784622562002436963e-01,-6.803756102777235304e-01,-6.869623860969089613e-01,-6.935491619160942811e-01,-7.001359377352797120e-01,-7.067227135544651428e-01,-6.939438156044035466e-01,-6.762622154342795566e-01,-6.585806152641554556e-01,-6.408990150940314656e-01,-6.232174149239073646e-01,-6.104242140090789803e-01,-5.991953008559451899e-01,-5.879663877028115104e-01,-5.767374745496777200e-01,-5.655085613965439295e-01,-5.579414381447852511e-01,-5.518184010513152993e-01,-5.456953639578454585e-01,-5.395723268643755066e-01,-5.334492897709055548e-01,-5.270525450111485100e-01,-5.205250742018215915e-01,-5.139976033924946730e-01,-5.074701325831676435e-01,-5.009426617738406140e-01,-4.960344052043787477e-01,-4.920514139148397526e-01,-4.880684226253007019e-01,-4.840854313357617622e-01,-4.801024400462227115e-01,-4.750306918944206536e-01,-4.692208034970164476e-01,-4.634109150996122972e-01,-4.576010267022081468e-01,-4.517911383048039964e-01,-4.430659914368321184e-01,-4.320086377924060583e-01,-4.209512841479800538e-01,-4.098939305035539382e-01,-3.988365768591279337e-01,-3.907259218922328747e-01,-3.853886303865435292e-01,-3.800513388808541282e-01,-3.747140473751647827e-01,-3.693767558694754372e-01,-3.581017265911071723e-01,-3.402572853089240734e-01,-3.224128440267408635e-01,-3.045684027445578201e-01,-2.867239614623746102e-01,-2.686638877798073199e-01,-2.503229905060416760e-01,-2.319820932322761986e-01,-2.136411959585105824e-01,-1.953002986847451328e-01,-1.697894139257782042e-01,-1.332477791895779751e-01,-9.670614445337803733e-02,-6.016450971717778040e-02,-2.362287498097784266e-02,-1.153099109356227336e-02,-4.414722304392389857e-02,-7.676345499428494090e-02,-1.093796869446465730e-01,-1.419959188950082052e-01,-1.541858237653453423e-01,-1.215695918149837240e-01,-8.895335986462209188e-02,-5.633712791426045974e-02,-2.372089596389942434e-02,0.000000000000000000e+00,0.000000000000000000e+00,0.000000000000000000e+00,0.000000000000000000e+00,0.000000000000000000e+00,0.000000000000000000e+00,0.000000000000000000e+00,0.000000000000000000e+00,0.000000000000000000e+00,0.000000000000000000e+00,0.000000000000000000e+00,0.000000000000000000e+00,0.000000000000000000e+00,0.000000000000000000e+00,0.000000000000000000e+00,6.374478031007305492e-03,4.844603303565522129e-02,9.051758804030238248e-02,1.325891430449502861e-01,1.746606980495982175e-01,2.137968122265967719e-01,2.294493997824022247e-01,2.451019873382079273e-01,2.607545748940136576e-01,2.764071624498193880e-01,2.919773867391746713e-01,3.064651223837566718e-01,3.209528580283387278e-01,3.354405936729205062e-01,3.499283293175025067e-01,3.644684265981676385e-01,3.806840962334901990e-01,3.968997658688124819e-01,4.131154355041350978e-01,4.293311051394576583e-01,4.455467747747802187e-01,4.515980317882503647e-01,4.575455703055794077e-01,4.634931088229083951e-01,4.694406473402373270e-01,4.753881858575663144e-01,4.946837878219396134e-01,5.146893931611556949e-01,5.346949985003714989e-01,5.547006038395876359e-01,5.747062091788036620e-01,6.000767427680561150e-01,6.259837691823116890e-01,6.518907955965678180e-01,6.777978220108238361e-01,7.037048484250794100e-01,6.763989778897631089e-01,6.410492973504413605e-01,6.056996168111195011e-01,5.703499362717984189e-01,5.350002557324766705e-01,5.405795027194515434e-01,5.546440151691949261e-01,5.687085276189381977e-01,5.827730400686815804e-01,5.968375525184250741e-01,5.997370351492289364e-01,5.996305482133953424e-01,5.995240612775617484e-01,5.994175743417281543e-01,5.993110874058945603e-01,6.046054525746406005e-01,6.117244299408796104e-01,6.188434073071187314e-01,6.259623846733576302e-01,6.330813620395967511e-01,6.372741287562998513e-01,6.402546082039095587e-01,6.432350876515192661e-01,6.462155670991289735e-01,6.491960465467385699e-01,6.577176718369840414e-01,6.690098700485469507e-01,6.803020682601098601e-01,6.915942664716732136e-01,7.028864646832361229e-01,7.127887134786532464e-01,7.218614763321771211e-01,7.309342391857007737e-01,7.400070020392246484e-01,7.490797648927483010e-01,7.475218157158806109e-01,7.384490528623566252e-01,7.293762900088329726e-01,7.203035271553093200e-01,7.112307643017854453e-01,7.274859534021198559e-01,7.648477691306687642e-01,8.022095848592190048e-01,8.395714005877679131e-01,8.769332163163181537e-01,8.970018277919212801e-01,9.001230990996383907e-01,9.032443704073555013e-01,9.063656417150726119e-01,9.094869130227897225e-01,9.158773803598306840e-01,9.260345300784836864e-01,9.361916797971365778e-01,9.463488295157899133e-01,9.565059792344428047e-01,9.623620850646051883e-01,9.623810599032442958e-01,9.624000347418834034e-01,9.624190095805225109e-01,9.624379844191616185e-01,9.630422776366135418e-01,9.645861608832124734e-01,9.661300441298114050e-01,9.676739273764103366e-01,9.692178106230093793e-01,9.705041551993256466e-01,9.712981464353959149e-01,9.720921376714660722e-01,9.728861289075363405e-01,9.736801201436066089e-01,9.752759855416748280e-01,9.787161615123384228e-01,9.821563374830021287e-01,9.855965134536658345e-01,9.890366894243294293e-01,9.913024300668856759e-01,9.902707176728324789e-01,9.892390052787792820e-01,9.882072928847260851e-01,9.871755804906728882e-01,9.869739210337821200e-01,9.896774468569593530e-01,9.923809726801366971e-01,9.950844985033140411e-01,9.977880243264912741e-01,1.000000000000000000e+00,1.000000000000000000e+00,1.000000000000000000e+00,1.000000000000000000e+00,1.000000000000000000e+00,1.000000000000000000e+00,1.000000000000000000e+00,1.000000000000000000e+00,1.000000000000000000e+00,1.000000000000000000e+00,1.000000000000000000e+00,1.000000000000000000e+00,1.000000000000000000e+00,1.000000000000000000e+00,1.000000000000000000e+00,1.000000000000000000e+00,1.000000000000000000e+00,1.000000000000000000e+00,1.000000000000000000e+00,1.000000000000000000e+00,1.000000000000000000e+00,1.000000000000000000e+00,1.000000000000000000e+00,1.000000000000000000e+00,1.000000000000000000e+00,1.000000000000000000e+00,1.000000000000000000e+00,1.000000000000000000e+00,1.000000000000000000e+00,1.000000000000000000e+00,1.000000000000000000e+00,1.000000000000000000e+00,1.000000000000000000e+00,1.000000000000000000e+00,1.000000000000000000e+00,1.000000000000000000e+00,9.975658417707391479e-01,9.948581826168422237e-01,9.921505234629454106e-01,9.894428643090483755e-01,9.867352051551515624e-01,9.829446216403190384e-01,9.789756741130969386e-01,9.750067265858750609e-01,9.710377790586531832e-01,9.670688315314311945e-01,9.481319178144086424e-01,9.258687893885410025e-01,9.036056609626741398e-01,8.813425325368073882e-01,8.590794041109397483e-01,8.519155775292978072e-01,8.490658371888626377e-01,8.462160968484272461e-01,8.433663565079920765e-01,8.405166161675569070e-01,8.237657838444569780e-01,8.020638776645183654e-01,7.803619714845788646e-01,7.586600653046402520e-01,7.369581591247015284e-01,7.187760015364185184e-01,7.021241694227692287e-01,6.854723373091199390e-01,6.688205051954700942e-01,6.521686730818208044e-01,6.276417038652513103e-01,5.989954321640763579e-01,5.703491604629025158e-01,5.417028887617275634e-01,5.130566170605537213e-01,4.952227324512659123e-01,4.841244332434804232e-01,4.730261340356953226e-01,4.619278348279102775e-01,4.508295356201247328e-01,4.367062767236283283e-01,4.203541001617657202e-01,4.040019235999025016e-01,3.876497470380398935e-01,3.712975704761767304e-01,3.632222294846425559e-01,3.623305571013175630e-01,3.614388847179925146e-01,3.605472123346675217e-01,3.596555399513424733e-01,3.591854645315607497e-01,3.591455900949864222e-01,3.591057156584121501e-01,3.590658412218378226e-01,3.590259667852634951e-01,3.483772121815871814e-01,3.249978013773898722e-01,3.016183905731925075e-01,2.782389797689943656e-01,2.548595689647970564e-01,2.450581497703678835e-01,2.544646211458549412e-01,2.638710925213420544e-01,2.732775638968284460e-01,2.826840352723155037e-01,2.715461129462949375e-01,2.259824498231608192e-01,1.804187867000234535e-01,1.348551235768860879e-01,8.929146045375196961e-02,6.317359239752898259e-02,7.594731447513478062e-02,8.872103655273964884e-02,1.014947586303454330e-01,1.142684807079512310e-01,1.161346503855023443e-01,9.167224530430034823e-02,6.720984022309833827e-02,4.274743514189807692e-02,1.828503006069608083e-02,0.000000000000000000e+00,0.000000000000000000e+00,0.000000000000000000e+00,0.000000000000000000e+00,0.000000000000000000e+00,0.000000000000000000e+00,0.000000000000000000e+00,0.000000000000000000e+00,0.000000000000000000e+00,0.000000000000000000e+00,-9.264264425306164771e-03,-6.321498078442865098e-02,-1.171656971435550004e-01,-1.711164135026813637e-01,-2.250671298618038274e-01,-2.743742369428161521e-01,-2.929620826455361371e-01,-3.115499283482547899e-01,-3.301377740509747749e-01,-3.487256197536947600e-01,-3.664418195977183768e-01,-3.754415608547903016e-01,-3.844413021118622265e-01,-3.934410433689334852e-01,-4.024407846260054100e-01,-4.124140483427046200e-01,-4.406895343003910392e-01,-4.689650202580754601e-01,-4.972405062157618794e-01,-5.255159921734482431e-01,-5.535688098282977032e-01,-5.598001338052899234e-01,-5.660314577822820326e-01,-5.722627817592738086e-01,-5.784941057362660288e-01,-5.847254297132582490e-01,-6.085528541008131675e-01,-6.329301566261993361e-01,-6.573074591515853937e-01,-6.816847616769697860e-01,-7.060620642023559546e-01,-6.881103076138832542e-01,-6.669378617450101299e-01,-6.457654158761353402e-01,-6.245929700072606616e-01,-6.034205241383874263e-01,-6.418786375793604781e-01,-6.877905709340661478e-01,-7.337025042887719284e-01,-7.796144376434743783e-01,-8.255263709981801590e-01,-8.429102499534131265e-01,-8.551998334801687029e-01,-8.674894170069251675e-01,-8.797790005336816321e-01,-8.920685840604372085e-01,-8.944488649904199784e-01,-8.944756865536687140e-01,-8.945025081169174497e-01,-8.945293296801662963e-01,-8.945561512434150320e-01,-8.899776063730643338e-01,-8.840053321872819447e-01,-8.780330580014994446e-01,-8.720607838157174996e-01,-8.660885096299349994e-01,-8.687679231088653031e-01,-8.746917194620623670e-01,-8.806155158152597640e-01,-8.865393121684571609e-01,-8.924631085216546689e-01,-9.000114550658386836e-01,-9.083004053735614924e-01,-9.165893556812844123e-01,-9.248783059890065550e-01,-9.331672562967293638e-01,-9.328953346890178633e-01,-9.279416862525539100e-01,-9.229880378160896237e-01,-9.180343893796253374e-01,-9.130807409431613841e-01,-9.147451837642887051e-01,-9.207113859028507319e-01,-9.266775880414122035e-01,-9.326437901799742303e-01,-9.386099923185362570e-01,-9.400438105722052073e-01,-9.379974054856887733e-01,-9.359510003991722282e-01,-9.339045953126559052e-01,-9.318581902261394712e-01,-9.368085041810160218e-01,-9.480827757309977510e-01,-9.593570472809785921e-01,-9.706313188309602102e-01,-9.819055903809419394e-01,-9.877968776107201032e-01,-9.879687440002834498e-01,-9.881406103898467963e-01,-9.883124767794101428e-01,-9.884843431689734894e-01,-9.894336482776759922e-01,-9.913547517853023017e-01,-9.932758552929286111e-01,-9.951969588005550316e-01,-9.971180623081812300e-01,-9.982133937821549008e-01,-9.980907115064908686e-01,-9.979680292308268363e-01,-9.978453469551626931e-01,-9.977226646794986609e-01,-9.978145232204881365e-01,-9.982818281906213898e-01,-9.987491331607545320e-01,-9.992164381308877852e-01,-9.996837431010209274e-01,-1.000000000000000000e+00,-1.000000000000000000e+00,-1.000000000000000000e+00,-1.000000000000000000e+00,-1.000000000000000000e+00,-1.000000000000000000e+00,-1.000000000000000000e+00,-1.000000000000000000e+00,-1.000000000000000000e+00,-1.000000000000000000e+00,-1.000000000000000000e+00,-1.000000000000000000e+00,-1.000000000000000000e+00,-1.000000000000000000e+00,-1.000000000000000000e+00,-9.997880616560949063e-01,-9.987389668537643983e-01,-9.976898720514340013e-01,-9.966407772491036043e-01,-9.955916824467730963e-01,-9.942841589383630829e-01,-9.916360365171660307e-01,-9.889879140959687565e-01,-9.863397916747713712e-01,-9.836916692535743190e-01,-9.818126789105255936e-01,-9.855098961340532648e-01,-9.892071133575808251e-01,-9.929043305811086073e-01,-9.966015478046362785e-01,-9.990950252188972591e-01,-9.878959623027492309e-01,-9.766968993866012028e-01,-9.654978364704539517e-01,-9.542987735543059236e-01,-9.401170623532980608e-01,-8.550974543869275246e-01,-7.700778464205509932e-01,-6.850582384541743508e-01,-6.000386304878038146e-01,-5.150190225214272832e-01,1.300000000000000044e+00
-1.000000000000000000e+00,-1.000000000000000000e+00,-1.000000000000000000e+00,-1.000000000000000000e+00,-1.000000000000000000e+00,-1.000000000000000000e+00,-1.000000000000000000e+00,-1.000000000000000000e+00,-9.996842878541292166e-01,-9.991125928872820472e-01,-9.985408979204348778e-01,-9.979692029535877085e-01,-9.973975079867405391e-01,-9.968258130198933697e-01,-9.962541180530462004e-01,-9.928207575475290758e-01,-9.648588352819827962e-01,-9.368969130164365167e-01,-9.089349907508902371e-01,-8.809730684853439575e-01,-8.530111462197976779e-01,-8.250492239542513984e-01,-7.970873016887051188e-01,-7.804840833718814652e-01,-7.698183693918901893e-01,-7.591526554118989134e-01,-7.484869414319075265e-01,-7.378212274519162506e-01,-7.271555134719249747e-01,-7.164897994919335877e-01,-7.045596913058490562e-01,-6.878429479109831046e-01,-6.711262045161171530e-01,-6.544094611212512014e-01,-6.376927177263851387e-01,-6.209759743315191871e-01,-6.042592309366532355e-01,-5.875424875417871728e-01,-5.829205655463016722e-01,-5.820930973231708272e-01,-5.812656291000398712e-01,-5.804381608769089151e-01,-5.796106926537780701e-01,-5.787832244306471141e-01,-5.779557562075162691e-01,-5.764707575709234755e-01,-5.735454542191283922e-01,-5.706201508673333089e-01,-5.676948475155383367e-01,-5.647695441637432534e-01,-5.618442408119481701e-01,-5.589189374601530869e-01,-5.559936341083581146e-01,-5.486418427384200935e-01,-5.406031825380804845e-01,-5.325645223377409865e-01,-5.245258621374013774e-01,-5.164872019370618794e-01,-5.084485417367223814e-01,-5.004098815363827724e-01,-4.918604055242553064e-01,-4.825994360599945021e-01,-4.733384665957337534e-01,-4.640774971314729491e-01,-4.548165276672122559e-01,-4.455555582029515627e-01,-4.362945887386907584e-01,-4.270336192744300652e-01,-4.170660023277778516e-01,-4.070766423816675750e-01,-3.970872824355571873e-01,-3.870979224894469106e-01,-3.771085625433365229e-01,-3.671192025972262463e-01,-3.571298426511158586e-01,-3.467551281286451181e-01,-3.360280894220731840e-01,-3.253010507155013609e-01,-3.145740120089294267e-01,-3.038469733023576591e-01,-2.931199345957857250e-01,-2.823928958892139573e-01,-2.703894110565588371e-01,-2.425579942604726980e-01,-2.147265774643861702e-01,-1.868951606683000310e-01,-1.590637438722135033e-01,-1.312323270761273919e-01,-1.034009102800408642e-01,-7.556949348395472499e-02,-5.969815404211165771e-02,-5.094590826350890722e-02,-4.219366248490603877e-02,-3.344141670630328828e-02,-2.468917092770042676e-02,-1.593692514909767627e-02,-7.184679370494925776e-03,0.000000000000000000e+00,0.000000000000000000e+00,0.000000000000000000e+00,0.000000000000000000e+00,0.000000000000000000e+00,0.000000000000000000e+00,0.000000000000000000e+00,0.000000000000000000e+00,1.013151207117750537e-02,2.398480408686913881e-02,3.783809610256095440e-02,5.169138811825258611e-02,6.554468013394440518e-02,7.939797214963603689e-02,9.325126416532786289e-02,1.189809568698084463e-01,1.747141881564942545e-01,2.304474194431793133e-01,2.861806507298650937e-01,3.419138820165501524e-01,3.976471133032359329e-01,4.533803445899209916e-01,5.091135758766067720e-01,5.185443306881192260e-01,5.188799561920085512e-01,5.192155816958977654e-01,5.195512071997869796e-01,5.198868327036763048e-01,5.202224582075655190e-01,5.205580837114548443e-01,5.169166757629543030e-01,5.070037919856849040e-01,4.970909082084155051e-01,4.871780244311463837e-01,4.772651406538770402e-01,4.673522568766076413e-01,4.574393730993382423e-01,4.475264893220691764e-01,4.655653199019867960e-01,4.853788625045835081e-01,5.051924051071802202e-01,5.250059477097764882e-01,5.448194903123732002e-01,5.646330329149699123e-01,5.844465755175666244e-01,5.994256504478280290e-01,6.094237586853809008e-01,6.194218669229338836e-01,6.294199751604868665e-01,6.394180833980395162e-01,6.494161916355923880e-01,6.594142998731453709e-01,6.691940425416726956e-01,6.743153197376536845e-01,6.794365969336347844e-01,6.845578741296158842e-01,6.896791513255970951e-01,6.948004285215780840e-01,6.999217057175591838e-01,7.050429829135402837e-01,7.200063893346376753e-01,7.416132329826879976e-01,7.632200766307388751e-01,7.848269202787897525e-01,8.064337639268400748e-01,8.280406075748909522e-01,8.496474512229418297e-01,8.685584068252717449e-01,8.721028005669918537e-01,8.756471943087119625e-01,8.791915880504321823e-01,8.827359817921524021e-01,8.862803755338725109e-01,8.898247692755927307e-01,8.933691630173129505e-01,9.004570579460083879e-01,9.090528257202250551e-01,9.176485934944419443e-01,9.262443612686588335e-01,9.348401290428757227e-01,9.434358968170922788e-01,9.520316645913091680e-01,9.588526754309105726e-01,9.604538129334074803e-01,9.620549504359043880e-01,9.636560879384012956e-01,9.652572254408982033e-01,9.668583629433951110e-01,9.684595004458920187e-01,9.700606379483889263e-01,9.683251370920751278e-01,9.657863714456772497e-01,9.632476057992794827e-01,9.607088401528816046e-01,9.581700745064836156e-01,9.556313088600858485e-01,9.530925432136879705e-01,9.535224590352155971e-01,9.592712624867766324e-01,9.650200659383374457e-01,9.707688693898984811e-01,9.765176728414595164e-01,9.822664762930204407e-01,9.880152797445813651e-01,9.937640831961424004e-01,9.949782741885172532e-01,9.957464377258902211e-01,9.965146012632630779e-01,9.972827648006360457e-01,9.980509283380090135e-01,9.988190918753818703e-01,9.995872554127548382e-01,1.000000000000000000e+00,1.000000000000000000e+00,1.000000000000000000e+00,1.000000000000000000e+00,1.000000000000000000e+00,1.000000000000000000e+00,1.000000000000000000e+00,1.000000000000000000e+00,1.000000000000000000e+00,1.000000000000000000e+00,1.000000000000000000e+00,1.000000000000000000e+00,1.000000000000000000e+00,1.000000000000000000e+00,1.000000000000000000e+00,1.000000000000000000e+00,1.000000000000000000e+00,1.000000000000000000e+00,1.000000000000000000e+00,1.000000000000000000e+00,1.000000000000000000e+00,1.000000000000000000e+00,9.999791912174886832e-01,9.998049176639558500e-01,9.996306441104231277e-01,9.994563705568904055e-01,9.992820970033576833e-01,9.991078234498249611e-01,9.989335498962922388e-01,9.987592763427594056e-01,9.945713406223054553e-01,9.884211700646896581e-01,9.822709995070739719e-01,9.761208289494581747e-01,9.699706583918424885e-01,9.638204878342266912e-01,9.576703172766113381e-01,9.511232168002300424e-01,9.432000926054615597e-01,9.352769684106931880e-01,9.273538442159247053e-01,9.194307200211562225e-01,9.115075958263877398e-01,9.035844716316192571e-01,8.956613474368512184e-01,8.835048556928015717e-01,8.701272002326128074e-01,8.567495447724241542e-01,8.433718893122353899e-01,8.299942338520466256e-01,8.166165783918579724e-01,8.032389229316698742e-01,7.930384800924218380e-01,7.893368812505534571e-01,7.856352824086849651e-01,7.819336835668165842e-01,7.782320847249482032e-01,7.745304858830797112e-01,7.708288870412113303e-01,7.671272881993430603e-01,7.674505325305061021e-01,7.683195183088600277e-01,7.691885040872139534e-01,7.700574898655679901e-01,7.709264756439219157e-01,7.717954614222758414e-01,7.726644472006297670e-01,7.692776726116038466e-01,7.603143844377345806e-01,7.513510962638654256e-01,7.423878080899962706e-01,7.334245199161270046e-01,7.244612317422578496e-01,7.154979435683885836e-01,7.065346553945194286e-01,6.982414308484612420e-01,6.899583587816118246e-01,6.816752867147625183e-01,6.733922146479131010e-01,6.651091425810637947e-01,6.568260705142143774e-01,6.485429984473650711e-01,6.372628643615173560e-01,6.234019268704200645e-01,6.095409893793226619e-01,5.956800518882252593e-01,5.818191143971278567e-01,5.679581769060304541e-01,5.540972394149331626e-01,5.393252683614006004e-01,5.152911227564470620e-01,4.912569771514921912e-01,4.672228315465373760e-01,4.431886859415825053e-01,4.191545403366276901e-01,3.951203947316728193e-01,3.710862491267179486e-01,3.401134528957409087e-01,3.052679214316371681e-01,2.704223899675315956e-01,2.355768585034259954e-01,2.007313270393204230e-01,1.658857955752148505e-01,1.310402641111092503e-01,1.002735905315693121e-01,8.644986508791663304e-02,7.262613964426470337e-02,5.880241420061203816e-02,4.497868875695936602e-02,3.115496331330670776e-02,1.733123786965402868e-02,3.507512426001363481e-03,0.000000000000000000e+00,0.000000000000000000e+00,0.000000000000000000e+00,0.000000000000000000e+00,0.000000000000000000e+00,0.000000000000000000e+00,0.000000000000000000e+00,0.000000000000000000e+00,0.000000000000000000e+00,0.000000000000000000e+00,0.000000000000000000e+00,0.000000000000000000e+00,0.000000000000000000e+00,0.000000000000000000e+00,0.000000000000000000e+00,-2.367836242073847672e-02,-5.151082351178197516e-02,-7.934328460282399909e-02,-1.071757456938675079e-01,-1.350082067849110168e-01,-1.628406678759544979e-01,-1.906731289669980067e-01,-2.199550037014475212e-01,-2.513841579076096511e-01,-2.828133121137718087e-01,-3.142424663199322454e-01,-3.456716205260943475e-01,-3.771007747322565051e-01,-4.085299289384186627e-01,-4.399590831445807648e-01,-4.478633150188719436e-01,-4.546648161588564552e-01,-4.614663172988406892e-01,-4.682678184388252562e-01,-4.750693195788097678e-01,-4.818708207187943349e-01,-4.886723218587789019e-01,-5.072978955278319990e-01,-5.373997748868636348e-01,-5.675016542458953817e-01,-5.976035336049254632e-01,-6.277054129639572100e-01,-6.578072923229889568e-01,-6.879091716820205926e-01,-7.161409207670152988e-01,-7.149181180359216459e-01,-7.136953153048281040e-01,-7.124725125737344511e-01,-7.112497098426409092e-01,-7.100269071115472563e-01,-7.088041043804536034e-01,-7.075813016493600616e-01,-7.144422289894329925e-01,-7.264294241795143936e-01,-7.384166193695956837e-01,-7.504038145596770848e-01,-7.623910097497578198e-01,-7.743782049398391099e-01,-7.863654001299205110e-01,-7.967628245093179018e-01,-7.990668702161414227e-01,-8.013709159229649437e-01,-8.036749616297884646e-01,-8.059790073366118746e-01,-8.082830530434353955e-01,-8.105870987502589164e-01,-8.128911444570824374e-01,-8.184212420764727103e-01,-8.252283185779207830e-01,-8.320353950793688558e-01,-8.388424715808170395e-01,-8.456495480822647792e-01,-8.524566245837128520e-01,-8.592637010851609247e-01,-8.663757864490743144e-01,-8.743181737163657763e-01,-8.822605609836572382e-01,-8.902029482509487002e-01,-8.981453355182401621e-01,-9.060877227855311800e-01,-9.140301100528226419e-01,-9.219724973201139928e-01,-9.210557245660560000e-01,-9.182060441709758436e-01,-9.153563637758956872e-01,-9.125066833808156419e-01,-9.096570029857354855e-01,-9.068073225906555512e-01,-9.039576421955753949e-01,-9.058842467624302897e-01,-9.158350100653366299e-01,-9.257857733682429702e-01,-9.357365366711493104e-01,-9.456872999740556507e-01,-9.556380632769619909e-01,-9.655888265798677761e-01,-9.755395898827741163e-01,-9.775437003762499355e-01,-9.789069517721907809e-01,-9.802702031681316264e-01,-9.816334545640724718e-01,-9.829967059600133172e-01,-9.843599573559540516e-01,-9.857232087518948971e-01,-9.870187543027690857e-01,-9.882402465856017226e-01,-9.894617388684343595e-01,-9.906832311512669964e-01,-9.919047234340996333e-01,-9.931262157169322702e-01,-9.943477079997647960e-01,-9.955506426848047541e-01,-9.961504554415815393e-01,-9.967502681983584356e-01,-9.973500809551352209e-01,-9.979498937119120061e-01,-9.985497064686889024e-01,-9.991495192254656876e-01,-9.997493319822424729e-01,-1.000000000000000000e+00,-1.000000000000000000e+00,-1.000000000000000000e+00,-1.000000000000000000e+00,-1.000000000000000000e+00,-1.000000000000000000e+00,-1.000000000000000000e+00,-1.000000000000000000e+00,-1.000000000000000000e+00,-1.000000000000000000e+00,-1.000000000000000000e+00,-1.000000000000000000e+00,-1.000000000000000000e+00,-1.000000000000000000e+00,-1.000000000000000000e+00,-1.000000000000000000e+00,-1.000000000000000000e+00,-1.000000000000000000e+00,-1.000000000000000000e+00,-1.000000000000000000e+00,-1.000000000000000000e+00,-1.000000000000000000e+00,-9.994489109207740363e-01,-9.971412254015148413e-01,-9.948335398822555353e-01,-9.925258543629963404e-01,-9.902181688437371454e-01,-9.879104833244779504e-01,-9.856027978052186445e-01,-9.832951122859594495e-01,-9.809938568203071529e-01,-9.786942998593810561e-01,-9.763947428984549592e-01,-9.740951859375288624e-01,-9.717956289766027655e-01,-9.694960720156766687e-01,-9.671965150547505718e-01,-9.617760673648945158e-01,-9.503852200196926114e-01,-9.389943726744907071e-01,-9.276035253292888028e-01,-9.162126779840868984e-01,-9.048218306388849941e-01,-8.934309832936830897e-01,-8.820401359484811854e-01,-8.605434022535392025e-01,-8.378676484844610473e-01,-8.151918947153828920e-01,-7.925161409463046258e-01,-7.698403871772289131e-01,-7.471646334081506469e-01,-7.244888796390724917e-01,-6.944027552489220323e-01,-6.551771737594470624e-01,-6.159515922699722035e-01,-5.767260107804973446e-01,-5.375004292910224857e-01,-4.982748478015476268e-01,-4.590492663120727124e-01,-4.198236848225978535e-01,1.200000000000000178e+00
-1.000000000000000000e+00,-1.000000000000000000e+00,-1.000000000000000000e+00,-1.000000000000000000e+00,-1.000000000000000000e+00,-1.000000000000000000e+00,-1.000000000000000000e+00,-1.000000000000000000e+00,-1.000000000000000000e+00,-1.000000000000000000e+00,-1.000000000000000000e+00,-1.000000000000000000e+00,-1.000000000000000000e+00,-1.000000000000000000e+00,-1.000000000000000000e+00,-1.000000000000000000e+00,-1.000000000000000000e+00,-1.000000000000000000e+00,-1.000000000000000000e+00,-1.000000000000000000e+00,-1.000000000000000000e+00,-1.000000000000000000e+00,-1.000000000000000000e+00,-1.000000000000000000e+00,-1.000000000000000000e+00,-9.995269483931229493e-01,-9.989735672680969403e-01,-9.984201861430709313e-01,-9.978668050180449223e-01,-9.973134238930189133e-01,-9.967600427679929043e-01,-9.962066616429670063e-01,-9.956532805179409973e-01,-9.924075165951251609e-01,-9.885155808008398992e-01,-9.846236450065546375e-01,-9.807317092122693758e-01,-9.768397734179840031e-01,-9.729478376236987414e-01,-9.690559018294134797e-01,-9.651639660351282179e-01,-9.639164664564817686e-01,-9.635129358828264934e-01,-9.631094053091713292e-01,-9.627058747355160540e-01,-9.623023441618607787e-01,-9.618988135882056145e-01,-9.614952830145503393e-01,-9.610917524408950641e-01,-9.567553120764222818e-01,-9.508099540702513730e-01,-9.448645960640803532e-01,-9.389192380579094444e-01,-9.329738800517384245e-01,-9.270285220455675157e-01,-9.210831640393966069e-01,-9.151378060332256981e-01,-9.071213856123100383e-01,-8.980441771253055983e-01,-8.889669686383011582e-01,-8.798897601512967181e-01,-8.708125516642922781e-01,-8.617353431772879491e-01,-8.526581346902835090e-01,-8.435809262032790690e-01,-8.334244028263081416e-01,-8.225862068872530353e-01,-8.117480109481980399e-01,-8.009098150091429336e-01,-7.900716190700880492e-01,-7.792334231310328319e-01,-7.683952271919779475e-01,-7.575570312529227301e-01,-7.473483585268231311e-01,-7.376253179935747806e-01,-7.279022774603263191e-01,-7.181792369270779686e-01,-7.084561963938295071e-01,-6.987331558605812676e-01,-6.890101153273328061e-01,-6.792870747940844556e-01,-6.694663904908809693e-01,-6.595541651533447514e-01,-6.496419398158083114e-01,-6.397297144782719824e-01,-6.298174891407357645e-01,-6.199052638031993245e-01,-6.099930384656631066e-01,-6.000808131281267777e-01,-5.930171681756407631e-01,-5.891950112475223822e-01,-5.853728543194038902e-01,-5.815506973912855093e-01,-5.777285404631670174e-01,-5.739063835350486364e-01,-5.700842266069302555e-01,-5.662620696788118746e-01,-5.643457340542120670e-01,-5.650682279267918995e-01,-5.657907217993718429e-01,-5.665132156719516754e-01,-5.672357095445316189e-01,-5.679582034171115623e-01,-5.686806972896913948e-01,-5.694031911622713382e-01,-5.660188807059358673e-01,-5.556708585614393847e-01,-5.453228364169430131e-01,-5.349748142724466415e-01,-5.246267921279502700e-01,-5.142787699834537873e-01,-5.039307478389573047e-01,-4.935827256944610442e-01,-4.816403185633932327e-01,-4.663497029605260247e-01,-4.510590873576585946e-01,-4.357684717547913866e-01,-4.204778561519239566e-01,-4.051872405490567486e-01,-3.898966249461892630e-01,-3.746060093433218885e-01,-3.613921119855145747e-01,-3.536754099822776443e-01,-3.459587079790408248e-01,-3.382420059758038944e-01,-3.305253039725670750e-01,-3.228086019693301445e-01,-3.150918999660933251e-01,-3.073751979628563946e-01,-3.013311231180058614e-01,-3.010217699590516105e-01,-3.007124168000973041e-01,-3.004030636411429978e-01,-3.000937104821886914e-01,-2.997843573232343850e-01,-2.994750041642800786e-01,-2.991656510053257723e-01,-2.961378840178657268e-01,-2.805065620073319832e-01,-2.648752399967982951e-01,-2.492439179862645515e-01,-2.336125959757308634e-01,-2.179812739651975639e-01,-2.023499519546638759e-01,-1.867186299441301600e-01,-1.703290342288421300e-01,-1.488210910064633463e-01,-1.273131477840839243e-01,-1.058052045617045162e-01,-8.429726133932510801e-02,-6.278931811694569987e-02,-4.128137489456690234e-02,-1.977343167218750808e-02,0.000000000000000000e+00,0.000000000000000000e+00,0.000000000000000000e+00,0.000000000000000000e+00,0.000000000000000000e+00,0.000000000000000000e+00,0.000000000000000000e+00,0.000000000000000000e+00,0.000000000000000000e+00,0.000000000000000000e+00,0.000000000000000000e+00,0.000000000000000000e+00,0.000000000000000000e+00,0.000000000000000000e+00,0.000000000000000000e+00,0.000000000000000000e+00,0.000000000000000000e+00,3.907396015584930354e-02,7.878847703556544901e-02,1.185029939152816014e-01,1.582175107949966020e-01,1.979320276747127683e-01,2.376465445544289068e-01,2.773610614341450731e-01,3.170755783138612394e-01,3.482778604958607915e-01,3.788930920090533006e-01,4.095083235222458651e-01,4.401235550354384296e-01,4.707387865486301060e-01,5.013540180618226705e-01,5.319692495750152350e-01,5.625844810882077995e-01,5.660912437669823882e-01,5.661478376850129779e-01,5.662044316030436786e-01,5.662610255210743793e-01,5.663176194391049689e-01,5.663742133571356696e-01,5.664308072751662593e-01,5.664874011931969600e-01,5.809720998054166419e-01,5.982314339357496236e-01,6.154907680660820501e-01,6.327501021964150318e-01,6.500094363267480135e-01,6.672687704570809952e-01,6.845281045874135328e-01,7.017874387177465145e-01,7.154253672592315594e-01,7.281025147261244168e-01,7.407796621930172742e-01,7.534568096599096876e-01,7.661339571268024340e-01,7.788111045936952914e-01,7.914882520605881489e-01,8.041653995274805622e-01,8.206653285822644861e-01,8.384949207980539887e-01,8.563245130138436023e-01,8.741541052296332159e-01,8.919836974454222744e-01,9.098132896612118881e-01,9.276428818770013907e-01,9.454724740927910043e-01,9.469468358318969825e-01,9.411944678254917651e-01,9.354420998190864367e-01,9.296897318126811083e-01,9.239373638062758909e-01,9.181849957998707845e-01,9.124326277934654561e-01,9.066802597870602387e-01,9.052984905219443323e-01,9.063205505645374194e-01,9.073426106071307284e-01,9.083646706497239265e-01,9.093867306923171245e-01,9.104087907349103226e-01,9.114308507775035206e-01,9.124529108200967187e-01,9.139439423264310580e-01,9.157518464434012406e-01,9.175597505603714232e-01,9.193676546773416058e-01,9.211755587943117884e-01,9.229834629112820821e-01,9.247913670282522647e-01,9.265992711452224473e-01,9.288301115334249847e-01,9.314092523802894874e-01,9.339883932271538791e-01,9.365675340740182708e-01,9.391466749208827736e-01,9.417258157677472763e-01,9.443049566146117790e-01,9.468840974614761707e-01,9.488035076482674857e-01,9.500631871749857238e-01,9.513228667017038509e-01,9.525825462284219780e-01,9.538422257551402161e-01,9.551019052818583432e-01,9.563615848085764704e-01,9.576212643352947085e-01,9.598877923858277761e-01,9.633769222152792633e-01,9.668660520447305284e-01,9.703551818741817936e-01,9.738443117036332808e-01,9.773334415330845459e-01,9.808225713625360331e-01,9.843117011919872983e-01,9.866399372053428207e-01,9.872500503708765418e-01,9.878601635364102629e-01,9.884702767019439840e-01,9.890803898674777050e-01,9.896905030330114261e-01,9.903006161985451472e-01,9.909107293640788683e-01,9.915694778382010410e-01,9.923166541461205803e-01,9.930638304540401196e-01,9.938110067619597698e-01,9.945581830698791981e-01,9.953053593777987373e-01,9.960525356857182766e-01,9.967997119936378159e-01,9.974200383969914485e-01,9.977532834373801229e-01,9.980865284777686863e-01,9.984197735181572497e-01,9.987530185585459241e-01,9.990862635989344875e-01,9.994195086393230509e-01,9.997527536797117254e-01,1.000000000000000000e+00,1.000000000000000000e+00,1.000000000000000000e+00,1.000000000000000000e+00,1.000000000000000000e+00,1.000000000000000000e+00,1.000000000000000000e+00,1.000000000000000000e+00,1.000000000000000000e+00,1.000000000000000000e+00,1.000000000000000000e+00,1.000000000000000000e+00,1.000000000000000000e+00,1.000000000000000000e+00,1.000000000000000000e+00,1.000000000000000000e+00,1.000000000000000000e+00,1.000000000000000000e+00,1.000000000000000000e+00,1.000000000000000000e+00,1.000000000000000000e+00,1.000000000000000000e+00,1.000000000000000000e+00,1.000000000000000000e+00,1.000000000000000000e+00,1.000000000000000000e+00,1.000000000000000000e+00,1.000000000000000000e+00,1.000000000000000000e+00,1.000000000000000000e+00,1.000000000000000000e+00,1.000000000000000000e+00,9.998879039185876172e-01,9.981504146566946289e-01,9.964129253948018627e-01,9.946754361329090965e-01,9.929379468710162193e-01,9.912004576091234531e-01,9.894629683472305759e-01,9.877254790853376987e-01,9.859200857080633318e-01,9.799725412925056611e-01,9.740249968769483235e-01,9.680774524613909859e-01,9.621299080458334263e-01,9.561823636302760887e-01,9.502348192147184180e-01,9.442872747991610805e-01,9.383397303836038539e-01,9.381430723610432176e-01,9.381381105515826935e-01,9.381331487421220583e-01,9.381281869326615341e-01,9.381232251232010100e-01,9.381182633137403748e-01,9.381133015042798506e-01,9.381083396948193265e-01,9.299323749215007151e-01,9.210396555022299925e-01,9.121469360829587147e-01,9.032542166636879921e-01,8.943614972444172695e-01,8.854687778251459918e-01,8.765760584058752691e-01,8.676833389866039914e-01,8.541918741874129362e-01,8.400191137763819427e-01,8.258463533653500610e-01,8.116735929543190675e-01,7.975008325432871858e-01,7.833280721322561924e-01,7.691553117212250879e-01,7.549825513101933172e-01,7.391537037951588784e-01,7.229676610223982891e-01,7.067816182496368116e-01,6.905955754768763333e-01,6.744095327041148558e-01,6.582234899313542664e-01,6.420374471585936771e-01,6.258514043858323106e-01,6.081097840003686361e-01,5.899144534778657523e-01,5.717191229553637566e-01,5.535237924328617609e-01,5.353284619103588771e-01,5.171331313878568814e-01,4.989378008653539420e-01,4.807424703428520019e-01,4.764477052961968440e-01,4.774042649848617148e-01,4.783608246735265301e-01,4.793173843621914010e-01,4.802739440508562718e-01,4.812305037395210872e-01,4.821870634281859580e-01,4.831436231168508288e-01,4.666865265126378670e-01,4.419372126261003064e-01,4.171878987395641336e-01,3.924385848530265730e-01,3.676892709664904002e-01,3.429399570799542829e-01,3.181906431934167223e-01,2.934413293068806050e-01,2.789033384580476560e-01,2.703874099135024633e-01,2.618714813689573262e-01,2.533555528244116894e-01,2.448396242798665245e-01,2.363236957353213596e-01,2.278077671907757229e-01,2.192918386462305580e-01,2.134191620036198223e-01,2.094555006235178374e-01,2.054918392434158525e-01,2.015281778633136456e-01,1.975645164832116607e-01,1.936008551031094538e-01,1.896371937230074689e-01,1.856735323429054840e-01,1.716631578175872586e-01,1.488238535585954536e-01,1.259845492996023164e-01,1.031452450406104837e-01,8.030594078161865101e-02,5.746663652262551381e-02,3.462733226363370886e-02,1.178802800464187617e-02,0.000000000000000000e+00,0.000000000000000000e+00,0.000000000000000000e+00,0.000000000000000000e+00,0.000000000000000000e+00,0.000000000000000000e+00,0.000000000000000000e+00,0.000000000000000000e+00,0.000000000000000000e+00,0.000000000000000000e+00,0.000000000000000000e+00,0.000000000000000000e+00,0.000000000000000000e+00,0.000000000000000000e+00,0.000000000000000000e+00,0.000000000000000000e+00,-2.960347828816948124e-03,-1.060791305326069453e-02,-1.825547827770487852e-02,-2.590304350214862189e-02,-3.355060872659280241e-02,-4.119817395103655272e-02,-4.884573917548029609e-02,-5.649330439992448355e-02,-6.877968232728427778e-02,-9.012278981748163276e-02,-1.114658973076777665e-01,-1.328090047978738863e-01,-1.541521122880712413e-01,-1.754952197782673751e-01,-1.968383272684647300e-01,-2.181814347586608638e-01,-2.373745007989737643e-01,-2.513119099617948105e-01,-2.652493191246150794e-01,-2.791867282874353484e-01,-2.931241374502563946e-01,-3.070615466130766080e-01,-3.209989557758977097e-01,-3.349363649387179231e-01,-3.506451876956755420e-01,-3.719044397142652891e-01,-3.931636917328538150e-01,-4.144229437514435066e-01,-4.356821957700320325e-01,-4.569414477886205583e-01,-4.782006998072102499e-01,-4.994599518257988313e-01,-5.191073775588007644e-01,-5.320388604351871109e-01,-5.449703433115733464e-01,-5.579018261879604701e-01,-5.708333090643467056e-01,-5.837647919407330521e-01,-5.966962748171200648e-01,-6.096277576935064113e-01,-6.214612543380935161e-01,-6.268288320620817311e-01,-6.321964097860698351e-01,-6.375639875100582721e-01,-6.429315652340463760e-01,-6.482991429580349241e-01,-6.536667206820230280e-01,-6.590342984060111320e-01,-6.655783493046459887e-01,-6.831028164999780605e-01,-7.006272836953112426e-01,-7.181517508906434255e-01,-7.356762180859754974e-01,-7.532006852813086795e-01,-7.707251524766408624e-01,-7.882496196719729342e-01,-8.057686337252916164e-01,-8.231804026523255047e-01,-8.405921715793602811e-01,-8.580039405063941693e-01,-8.754157094334279465e-01,-8.928274783604628340e-01,-9.102392472874966112e-01,-9.276510162145314986e-01,-9.450627851415652758e-01,1.000000000000000000e+00
-1.000000000000000000e+00,-9.965873487221456051e-01,-9.931746974442913212e-01,-9.897620461664369262e-01,-9.863493948885825313e-01,-9.829367436107281364e-01,-9.795240923328738525e-01,-9.761114410550194576e-01,-9.726987897771650626e-01,-9.692861384993107787e-01,-9.632212153468620031e-01,-9.475116671958883074e-01,-9.318021190449146118e-01,-9.160925708939409162e-01,-9.003830227429672206e-01,-8.846734745919935250e-01,-8.689639264410198294e-01,-8.532543782900461338e-01,-8.375448301390724382e-01,-8.218352819880988536e-01,-8.028618566289353886e-01,-7.795860476771583336e-01,-7.563102387253813896e-01,-7.330344297736043346e-01,-7.097586208218272796e-01,-6.864828118700502246e-01,-6.632070029182731696e-01,-6.399311939664962257e-01,-6.166553850147191707e-01,-5.933795760629421157e-01,-5.719173901959651030e-01,-5.514444532843335578e-01,-5.309715163727020126e-01,-5.104985794610704675e-01,-4.900256425494389778e-01,-4.695527056378074326e-01,-4.490797687261759430e-01,-4.286068318145443978e-01,-4.081338949029128527e-01,-3.876609579912813075e-01,-3.612706178487489761e-01,-3.339388726467553137e-01,-3.066071274447616513e-01,-2.792753822427680443e-01,-2.519436370407743819e-01,-2.246118918387806918e-01,-1.972801466367870293e-01,-1.699484014347933947e-01,-1.426166562327997323e-01,-1.172350552056158485e-01,-1.147676482324458958e-01,-1.123002412592759292e-01,-1.098328342861059764e-01,-1.073654273129360098e-01,-1.048980203397660571e-01,-1.024306133665960905e-01,-9.996320639342612391e-02,-9.749579942025617119e-02,-9.502839244708620459e-02,-9.048248418654414316e-02,-8.094817283630911797e-02,-7.141386148607409279e-02,-6.187955013583906760e-02,-5.234523878560404242e-02,-4.281092743536901724e-02,-3.327661608513398511e-02,-2.374230473489896687e-02,-1.420799338466394168e-02,-4.673682034428902621e-03,0.000000000000000000e+00,0.000000000000000000e+00,0.000000000000000000e+00,0.000000000000000000e+00,0.000000000000000000e+00,0.000000000000000000e+00,0.000000000000000000e+00,0.000000000000000000e+00,0.000000000000000000e+00,0.000000000000000000e+00,0.000000000000000000e+00,0.000000000000000000e+00,0.000000000000000000e+00,0.000000000000000000e+00,0.000000000000000000e+00,0.000000000000000000e+00,0.000000000000000000e+00,0.000000000000000000e+00,0.000000000000000000e+00,0.000000000000000000e+00,2.464646569843164173e-02,5.083333550301545600e-02,7.702020530759881578e-02,1.032070751121826335e-01,1.293939449167660072e-01,1.555808147213498249e-01,1.817676845259331708e-01,2.079545543305169886e-01,2.341414241351003622e-01,2.591062526188346871e-01,2.775026090030031645e-01,2.958989653871719749e-01,3.142953217713405079e-01,3.326916781555093183e-01,3.510880345396777957e-01,3.694843909238466062e-01,3.878807473080150836e-01,4.062771036921838941e-01,4.246734600763524270e-01,4.411837865057511854e-01,4.545176414323793823e-01,4.678514963590077458e-01,4.811853512856358872e-01,4.945192062122642507e-01,5.078530611388923921e-01,5.211869160655207001e-01,5.345207709921488970e-01,5.478546259187773160e-01,5.611884808454054019e-01,5.776196198405144644e-01,5.962188576835596443e-01,6.148180955266051573e-01,6.334173333696503372e-01,6.520165712126957391e-01,6.706158090557410301e-01,6.892150468987864320e-01,7.078142847418316119e-01,7.264135225848771249e-01,7.450127604279223048e-01,7.498239294436459534e-01,7.512721548429495133e-01,7.527203802422530732e-01,7.541686056415567441e-01,7.556168310408603039e-01,7.570650564401638638e-01,7.585132818394674237e-01,7.599615072387710946e-01,7.614097326380746544e-01,7.630317667982084995e-01,7.733442389998472777e-01,7.836567112014863890e-01,7.939691834031251672e-01,8.042816556047642784e-01,8.145941278064030566e-01,8.249066000080421679e-01,8.352190722096810571e-01,8.455315444113200574e-01,8.558440166129588356e-01,8.649186369605250668e-01,8.699702387823543548e-01,8.750218406041838648e-01,8.800734424260131528e-01,8.851250442478426628e-01,8.901766460696720618e-01,8.952282478915014607e-01,9.002798497133308597e-01,9.053314515351602587e-01,9.103830533569896577e-01,9.147786825645729536e-01,9.183757364156827085e-01,9.219727902667923525e-01,9.255698441179022184e-01,9.291668979690118624e-01,9.327639518201216173e-01,9.363610056712312613e-01,9.399580595223411272e-01,9.435551133734508822e-01,9.471521672245605261e-01,9.469701931092948666e-01,9.448987050108413888e-01,9.428272169123880220e-01,9.407557288139345442e-01,9.386842407154811774e-01,9.366127526170276996e-01,9.345412645185743328e-01,9.324697764201208550e-01,9.303982883216674882e-01,9.283268002232140104e-01,9.265643588470757752e-01,9.248431237005794170e-01,9.231218885540831698e-01,9.214006534075868116e-01,9.196794182610904533e-01,9.179581831145942061e-01,9.162369479680979589e-01,9.145157128216016007e-01,9.127944776751052425e-01,9.118808543258238863e-01,9.183972595109198833e-01,9.249136646960161023e-01,9.314300698811120993e-01,9.379464750662080963e-01,9.444628802513039822e-01,9.509792854364002013e-01,9.574956906214961982e-01,9.640120958065921952e-01,9.705285009916884142e-01,9.758021295368111137e-01,9.783571841819924675e-01,9.809122388271739323e-01,9.834672934723553972e-01,9.860223481175368621e-01,9.885774027627183269e-01,9.911324574078996807e-01,9.936875120530812566e-01,9.962425666982626105e-01,9.987976213434440753e-01,9.999396716939116248e-01,9.998257182268559529e-01,9.997117647598002810e-01,9.995978112927444981e-01,9.994838578256888262e-01,9.993699043586330433e-01,9.992559508915773714e-01,9.991419974245215885e-01,9.990280439574659166e-01,9.989140904904101337e-01,9.983282438683702686e-01,9.975809601143620364e-01,9.968336763603538042e-01,9.960863926063455720e-01,9.953391088523373398e-01,9.945918250983291076e-01,9.938445413443208754e-01,9.930972575903126431e-01,9.923499738363045219e-01,9.916026900822962897e-01,9.891486019317458078e-01,9.866248482956221366e-01,9.841010946594984654e-01,9.815773410233749052e-01,9.790535873872513450e-01,9.765298337511275628e-01,9.740060801150040026e-01,9.714823264788804424e-01,9.689585728427567712e-01,9.662690871714835206e-01,9.628061853361788991e-01,9.593432835008742776e-01,9.558803816655697672e-01,9.524174798302650347e-01,9.489545779949604132e-01,9.454916761596557917e-01,9.420287743243512812e-01,9.385658724890465487e-01,9.351029706537419273e-01,9.309823881437321313e-01,9.258424005879294372e-01,9.207024130321265210e-01,9.155624254763237158e-01,9.104224379205209106e-01,9.052824503647182164e-01,9.001424628089151891e-01,8.950024752531124950e-01,8.898624876973096898e-01,8.847225001415069956e-01,8.825146655325559752e-01,8.821985425022190741e-01,8.818824194718821730e-01,8.815662964415452718e-01,8.812501734112083707e-01,8.809340503808714695e-01,8.806179273505345684e-01,8.803018043201975562e-01,8.799856812898606551e-01,8.796695582595237539e-01,8.793452068151593748e-01,8.790190921392176948e-01,8.786929774632759038e-01,8.783668627873342238e-01,8.780407481113925439e-01,8.777146334354507529e-01,8.773885187595090729e-01,8.770624040835673929e-01,8.767362894076256019e-01,8.764523874445221407e-01,8.772026969459558732e-01,8.779530064473896056e-01,8.787033159488233380e-01,8.794536254502571815e-01,8.802039349516909139e-01,8.809542444531246463e-01,8.817045539545583788e-01,8.824548634559921112e-01,8.832051729574258436e-01,8.840538720691771823e-01,8.851901715803187631e-01,8.863264710914603439e-01,8.874627706026018137e-01,8.885990701137432834e-01,8.897353696248848642e-01,8.908716691360264450e-01,8.920079686471679148e-01,8.931442681583094956e-01,8.942805676694509653e-01,8.790778276043381689e-01,8.454936680159415019e-01,8.119095084275448349e-01,7.783253488391481678e-01,7.447411892507502795e-01,7.111570296623536125e-01,6.775728700739569454e-01,6.439887104855602784e-01,6.104045508971623901e-01,5.768203913087657231e-01,5.659529816817050474e-01,5.654703720369685938e-01,5.649877623922322512e-01,5.645051527474957975e-01,5.640225431027594549e-01,5.635399334580230013e-01,5.630573238132866587e-01,5.625747141685502051e-01,5.620921045238138625e-01,5.616094948790774088e-01,5.501794380588258537e-01,5.375594413281925554e-01,5.249394445975593682e-01,5.123194478669261809e-01,4.996994511362929381e-01,4.870794544056596953e-01,4.744594576750256198e-01,4.618394609443923771e-01,4.492194642137591343e-01,4.376053407153489561e-01,4.335352664586104576e-01,4.294651922018720147e-01,4.253951179451335163e-01,4.213250436883947403e-01,4.172549694316562419e-01,4.131848951749177989e-01,4.091148209181793005e-01,4.050447466614408021e-01,4.009746724047023037e-01,3.966378187656051657e-01,3.917674063617906932e-01,3.868969939579758877e-01,3.820265815541614152e-01,3.771561691503469427e-01,3.722857567465325257e-01,3.674153443427180532e-01,3.625449319389035807e-01,3.576745195350891082e-01,3.528041071312746357e-01,3.492380159559674846e-01,3.467433315040775454e-01,3.442486470521875508e-01,3.417539626002976116e-01,3.392592781484076170e-01,3.367645936965176223e-01,3.342699092446276832e-01,3.317752247927376885e-01,3.292805403408475828e-01,3.267858558889575882e-01,3.046146009480814598e-01,2.763890166259800329e-01,2.481634323038786061e-01,2.199378479817771792e-01,1.917122636596757523e-01,1.634866793375743255e-01,1.352610950154709557e-01,1.070355106933695288e-01,7.880992637126810196e-02,5.058434204916667509e-02,4.501778306508139732e-02,3.990440458775593169e-02,3.479102611043046606e-02,2.967764763310500042e-02,2.456426915577917744e-02,1.945089067845371181e-02,1.433751220112824964e-02,9.224133723802777074e-03,4.110755246477311442e-03,0.000000000000000000e+00,0.000000000000000000e+00,0.000000000000000000e+00,0.000000000000000000e+00,0.000000000000000000e+00,0.000000000000000000e+00,0.000000000000000000e+00,0.000000000000000000e+00,0.000000000000000000e+00,0.000000000000000000e+00,0.000000000000000000e+00,0.000000000000000000e+00,0.000000000000000000e+00,0.000000000000000000e+00,0.000000000000000000e+00,0.000000000000000000e+00,0.000000000000000000e+00,0.000000000000000000e+00,0.000000000000000000e+00,0.000000000000000000e+00,-3.413813244563061039e-02,-8.854578103085083973e-02,-1.429534296160710760e-01,-1.973610782012913123e-01,-2.517687267865115208e-01,-3.061763753717317571e-01,-3.605840239569558237e-01,-4.149916725421760044e-01,-4.693993211273962407e-01,-5.238069697126165325e-01,-5.336723863054038119e-01,-5.352508760158796175e-01,-5.368293657263554230e-01,-5.384078554368312286e-01,-5.399863451473071452e-01,-5.415648348577829507e-01,-5.431433245682587563e-01,-5.447218142787345618e-01,-5.463003039892103674e-01,-5.483071933862730951e-01,-5.571684777687260226e-01,-5.660297621511789501e-01,-5.748910465336324327e-01,-5.837523309160853602e-01,-5.926136152985382877e-01,-6.014748996809912152e-01,-6.103361840634441426e-01,-6.191974684458970701e-01,-6.280587528283498866e-01,-6.352195984803455930e-01,-6.378864274875610807e-01,-6.405532564947764573e-01,-6.432200855019918340e-01,-6.458869145092073216e-01,-6.485537435164226983e-01,-6.512205725236380749e-01,-6.538874015308534515e-01,-6.565542305380688282e-01,-6.592210595452844268e-01,-6.633236975132488222e-01,-6.689195768003920461e-01,-6.745154560875351590e-01,-6.801113353746783829e-01,-6.857072146618216069e-01,-6.913030939489648308e-01,-6.968989732361079437e-01,-7.024948525232515006e-01,-7.080907318103947246e-01,-7.136866110975379485e-01,-7.217511953084477794e-01,-7.308444065709269744e-01,-7.399376178334061693e-01,-7.490308290958853643e-01,-7.581240403583645593e-01,-7.672172516208444204e-01,-7.763104628833236154e-01,-7.854036741458028104e-01,-7.944968854082820053e-01,-8.035900966707612003e-01,-8.085129571256122194e-01,-8.130808941074737506e-01,-8.176488310893356148e-01,-8.222167680711970350e-01,-8.267847050530585662e-01,-8.313526420349200974e-01,-8.359205790167815175e-01,-8.404885159986430487e-01,-8.450564529805045799e-01,-8.494766308874218685e-01,-8.529680374661191555e-01,-8.564594440448161095e-01,-8.599508506235131744e-01,-8.634422572022102393e-01,-8.669336637809071933e-01,-8.704250703596042582e-01,-8.739164769383012121e-01,-8.774078835169982771e-01,-8.808992900956955641e-01,-8.842516112150001772e-01,-8.873489423254189434e-01,-8.904462734358377096e-01,-8.935436045462565868e-01,-8.966409356566753530e-01,-8.997382667670941192e-01,-9.028355978775128854e-01,-9.059329289879318736e-01,-9.090302600983506398e-01,-9.121275912087694060e-01,-9.184678609804277638e-01,-9.272682911157847929e-01,-9.360687212511418220e-01,-9.448691513864988512e-01,-9.536695815218558803e-01,-9.624700116572135755e-01,-9.712704417925706046e-01,-9.800708719279276337e-01,-9.888713020632846629e-01,-9.976717321986416920e-01,-9.781984143079156535e-01,-9.509498157100175764e-01,-9.237012171121194992e-01,-8.964526185142195347e-01,-8.692040199163213465e-01,-8.419554213184232694e-01,-8.147068227205251922e-01,-7.874582241226271151e-01,-7.602096255247290379e-01,-7.329610269268309608e-01,1.200000000000000178e+00
-1.000000000000000000e+00,-1.000000000000000000e+00,-1.000000000000000000e+00,-1.000000000000000000e+00,-1.000000000000000000e+00,-1.000000000000000000e+00,-1.000000000000000000e+00,-9.997188332677852118e-01,-9.991775873082715531e-01,-9.986363413487580054e-01,-9.980950953892444577e-01,-9.975538494297309100e-01,-9.970126034702172513e-01,-9.959722795561583020e-01,-9.826213660966457430e-01,-9.692704526371330731e-01,-9.559195391776204032e-01,-9.425686257181078442e-01,-9.292177122585951743e-01,-9.158667987990825043e-01,-9.108986017458922113e-01,-9.125585990604917486e-01,-9.142185963750911748e-01,-9.158785936896907121e-01,-9.175385910042901383e-01,-9.191985883188896755e-01,-9.194343711022125998e-01,-9.028169485987637133e-01,-8.861995260953149378e-01,-8.695821035918660513e-01,-8.529646810884171648e-01,-8.363472585849683893e-01,-8.197298360815195029e-01,-8.147921841263875420e-01,-8.177256818885997314e-01,-8.206591796508119208e-01,-8.235926774130241101e-01,-8.265261751752362995e-01,-8.294596729374484889e-01,-8.326133741356799289e-01,-8.374308346282788307e-01,-8.422482951208776214e-01,-8.470657556134765231e-01,-8.518832161060753139e-01,-8.567006765986742156e-01,-8.615181370912730063e-01,-8.479352819362413474e-01,-8.238379606968494473e-01,-7.997406394574573252e-01,-7.756433182180653141e-01,-7.515459969786733030e-01,-7.274486757392812919e-01,-7.057106801110403227e-01,-6.967523648765353572e-01,-6.877940496420302807e-01,-6.788357344075253152e-01,-6.698774191730203498e-01,-6.609191039385152733e-01,-6.519607887040103078e-01,-6.614828359698169402e-01,-6.798896728992354088e-01,-6.982965098286536554e-01,-7.167033467580719019e-01,-7.351101836874903706e-01,-7.535170206169086171e-01,-7.638931735872293016e-01,-7.410758328599446054e-01,-7.182584921326601313e-01,-6.954411514053755461e-01,-6.726238106780908499e-01,-6.498064699508063757e-01,-6.269891292235219016e-01,-6.214005224774307168e-01,-6.227034093238172918e-01,-6.240062961702037558e-01,-6.253091830165902199e-01,-6.266120698629767949e-01,-6.279149567093632589e-01,-6.291351756206491341e-01,-6.300844274113275301e-01,-6.310336792020058150e-01,-6.319829309926840999e-01,-6.329321827833624958e-01,-6.338814345740407807e-01,-6.348306863647190657e-01,-6.350460432133306909e-01,-6.350209862016099605e-01,-6.349959291898893410e-01,-6.349708721781686105e-01,-6.349458151664479910e-01,-6.349207581547272605e-01,-6.344193029178122334e-01,-6.326474524137120081e-01,-6.308756019096116718e-01,-6.291037514055114466e-01,-6.273319009014112213e-01,-6.255600503973108850e-01,-6.237881998932106598e-01,-5.884708095089942193e-01,-5.443545889922882797e-01,-5.002383684755822291e-01,-4.561221479588757344e-01,-4.120059274421697393e-01,-3.678897069254637442e-01,-3.479693449734522215e-01,-3.814815040184773576e-01,-4.149936630635016610e-01,-4.485058221085267971e-01,-4.820179811535518777e-01,-5.155301401985762366e-01,-5.490422992436013727e-01,-5.325554739153602890e-01,-5.059126048862998548e-01,-4.792697358572388100e-01,-4.526268668281777097e-01,-4.259839977991172200e-01,-3.993411287700561751e-01,-3.823824682101055750e-01,-3.833575270373968946e-01,-3.843325858646882698e-01,-3.853076446919795894e-01,-3.862827035192709646e-01,-3.872577623465622843e-01,-3.882328211738536594e-01,-3.582219009748696670e-01,-3.235862077868884024e-01,-2.889505145989071933e-01,-2.543148214109267613e-01,-2.196791282229454967e-01,-1.850434350349642598e-01,-1.594213802461162954e-01,-1.479206922825763160e-01,-1.364200043190363365e-01,-1.249193163554966068e-01,-1.134186283919566274e-01,-1.019179404284166479e-01,-9.041725246487693213e-02,-9.863987911432056666e-02,-1.088348372250629997e-01,-1.190297953358051969e-01,-1.292247534465476300e-01,-1.394197115572900769e-01,-1.496146696680322741e-01,-1.451607370098903227e-01,-1.211749499932344987e-01,-9.718916297657922976e-02,-7.320337595992339186e-02,-4.921758894326758171e-02,-2.523180192661231280e-02,-1.246014909956488781e-03,0.000000000000000000e+00,0.000000000000000000e+00,0.000000000000000000e+00,0.000000000000000000e+00,0.000000000000000000e+00,0.000000000000000000e+00,0.000000000000000000e+00,0.000000000000000000e+00,0.000000000000000000e+00,0.000000000000000000e+00,0.000000000000000000e+00,0.000000000000000000e+00,0.000000000000000000e+00,0.000000000000000000e+00,0.000000000000000000e+00,0.000000000000000000e+00,0.000000000000000000e+00,0.000000000000000000e+00,0.000000000000000000e+00,0.000000000000000000e+00,0.000000000000000000e+00,0.000000000000000000e+00,0.000000000000000000e+00,0.000000000000000000e+00,0.000000000000000000e+00,1.383265200600729663e-03,5.463897542373679500e-02,1.078946856468740861e-01,1.611503958700113703e-01,2.144061060931474472e-01,2.676618163162847175e-01,3.209175265394220156e-01,3.562392860204489642e-01,3.766160865497178989e-01,3.969928870789868891e-01,4.173696876082554352e-01,4.377464881375244254e-01,4.581232886667934157e-01,4.787692180137760878e-01,5.032906023358447722e-01,5.278119866579135122e-01,5.523333709799815860e-01,5.768547553020502150e-01,6.013761396241189550e-01,6.258975239461870288e-01,6.536283388431511909e-01,6.836414154822634259e-01,7.136544921213749948e-01,7.436675687604872298e-01,7.736806453995994648e-01,8.036937220387110337e-01,8.322226236273723154e-01,8.479505154058922800e-01,8.636784071844118005e-01,8.794062989629317650e-01,8.951341907414516186e-01,9.108620825199711390e-01,9.265899742984911036e-01,9.359578035681552777e-01,9.414830950720523006e-01,9.470083865759492125e-01,9.525336780798459024e-01,9.580589695837429254e-01,9.635842610876398373e-01,9.689580135410271744e-01,9.734225316913561743e-01,9.778870498416852852e-01,9.823515679920141741e-01,9.868160861423432850e-01,9.912806042926723959e-01,9.957451224430013959e-01,9.972367499457110984e-01,9.972127861378695668e-01,9.971888223300280352e-01,9.971648585221865035e-01,9.971408947143449719e-01,9.971169309065034403e-01,9.971787619539019820e-01,9.976266698498803542e-01,9.980745777458588375e-01,9.985224856418373207e-01,9.989703935378158040e-01,9.994183014337941762e-01,9.998662093297726594e-01,1.000000000000000000e+00,1.000000000000000000e+00,1.000000000000000000e+00,1.000000000000000000e+00,1.000000000000000000e+00,1.000000000000000000e+00,9.994696844033150729e-01,9.970676667006832528e-01,9.946656489980514326e-01,9.922636312954196125e-01,9.898616135927876813e-01,9.874595958901558612e-01,9.850575781875239301e-01,9.791688238620939178e-01,9.720566531777867780e-01,9.649444824934796383e-01,9.578323118091724986e-01,9.507201411248653589e-01,9.436079704405582191e-01,9.363688904013149905e-01,9.287681187005023542e-01,9.211673469996897179e-01,9.135665752988770816e-01,9.059658035980644453e-01,8.983650318972518090e-01,8.907642601964391726e-01,8.738729804462490591e-01,8.543493900820673392e-01,8.348257997178857304e-01,8.153022093537041215e-01,7.957786189895225126e-01,7.762550286253409038e-01,7.600070544188757271e-01,7.514496572783521122e-01,7.428922601378283863e-01,7.343348629973046604e-01,7.257774658567809345e-01,7.172200687162572086e-01,7.086626715757339268e-01,6.793157318040949910e-01,6.453488936699848244e-01,6.113820555358746578e-01,5.774152174017646022e-01,5.434483792676543246e-01,5.094815411335458233e-01,4.848335042367762360e-01,4.784646543824854215e-01,4.720958045281945514e-01,4.657269546739036814e-01,4.593581048196128669e-01,4.529892549653222744e-01,4.466204051110314044e-01,4.582706940592395362e-01,4.729241728078649176e-01,4.875776515564902991e-01,5.022311303051156806e-01,5.168846090537404514e-01,5.315380878023657774e-01,5.175018244070666018e-01,4.559790912562999843e-01,3.944563581055333112e-01,3.329336249547666382e-01,2.714108918040028517e-01,2.098881586532361787e-01,1.483654255024695057e-01,1.692543155075950101e-01,1.996981763134066112e-01,2.301420371192181846e-01,2.605858979250283980e-01,2.910297587308399159e-01,3.214736195366515448e-01,3.277399122642480345e-01,3.000064998818509632e-01,2.722730874994538919e-01,2.445396751170581251e-01,2.168062627346610816e-01,1.890728503522640103e-01,1.613394379698669390e-01,1.658288733673008164e-01,1.725560065272238319e-01,1.792831396871465421e-01,1.860102728470695299e-01,1.927374060069925454e-01,1.994645391669155610e-01,1.888860168746887280e-01,1.575407080398803228e-01,1.261953992050719175e-01,9.485009037026495560e-02,6.350478153545655036e-02,3.215947270064817287e-02,8.141638658397676309e-04,0.000000000000000000e+00,0.000000000000000000e+00,0.000000000000000000e+00,0.000000000000000000e+00,0.000000000000000000e+00,0.000000000000000000e+00,0.000000000000000000e+00,0.000000000000000000e+00,0.000000000000000000e+00,0.000000000000000000e+00,0.000000000000000000e+00,0.000000000000000000e+00,0.000000000000000000e+00,0.000000000000000000e+00,0.000000000000000000e+00,0.000000000000000000e+00,0.000000000000000000e+00,0.000000000000000000e+00,0.000000000000000000e+00,-1.449947591899400888e-02,-4.173019898637232716e-02,-6.896092205375189965e-02,-9.619164512113147214e-02,-1.234223681885110446e-01,-1.506530912558906310e-01,-1.775019684743248116e-01,-1.973821589495035611e-01,-2.172623494246832265e-01,-2.371425398998628920e-01,-2.570227303750425296e-01,-2.769029208502222228e-01,-2.967831113254019160e-01,-3.118931086207919479e-01,-3.234254610313405665e-01,-3.349578134418892406e-01,-3.464901658524379147e-01,-3.580225182629865888e-01,-3.695548706735352074e-01,-3.819972750785006754e-01,-4.035401994276451854e-01,-4.250831237767897508e-01,-4.466260481259343162e-01,-4.681689724750788262e-01,-4.897118968242234471e-01,-5.112548211733669579e-01,-5.214541870949027658e-01,-5.244129838073251504e-01,-5.273717805197475350e-01,-5.303305772321699196e-01,-5.332893739445923043e-01,-5.362481706570145779e-01,-5.366872346317127507e-01,-5.202440892636517322e-01,-5.038009438955907138e-01,-4.873577985275296398e-01,-4.709146531594686214e-01,-4.544715077914083246e-01,-4.380283624233473061e-01,-4.443596208291323291e-01,-4.629890572727966003e-01,-4.816184937164608160e-01,-5.002479301601250317e-01,-5.188773666037893584e-01,-5.375068030474527969e-01,-5.527825238459138646e-01,-5.515476445449087883e-01,-5.503127652439036011e-01,-5.490778859428985248e-01,-5.478430066418934485e-01,-5.466081273408883723e-01,-5.453732480398831850e-01,-5.625922834808482209e-01,-5.881678086162918095e-01,-6.137433337517353982e-01,-6.393188588871789868e-01,-6.648943840226213542e-01,-6.904699091580649428e-01,-7.107096285378108336e-01,-7.106065884739553029e-01,-7.105035484100998833e-01,-7.104005083462443526e-01,-7.102974682823888219e-01,-7.101944282185332913e-01,-7.100913881546777606e-01,-7.100367010276025237e-01,-7.100001462518200634e-01,-7.099635914760374922e-01,-7.099270367002550319e-01,-7.098904819244724607e-01,-7.098539271486900004e-01,-7.155194055214179061e-01,-7.385910903475018108e-01,-7.616627751735837171e-01,-7.847344599996676218e-01,-8.078061448257494170e-01,-8.308778296518334328e-01,-8.539495144779152280e-01,-8.591894436077268660e-01,-8.589891760844378110e-01,-8.587889085611488671e-01,-8.585886410378598121e-01,-8.583883735145708682e-01,-8.581881059912818133e-01,-8.590055799864063646e-01,-8.623674077775650426e-01,-8.657292355687240537e-01,-8.690910633598827317e-01,-8.724528911510417428e-01,-8.758147189422003098e-01,-8.791765467333589879e-01,-8.889994472460369668e-01,-9.003855105139207948e-01,-9.117715737818055111e-01,-9.231576370496892281e-01,-9.345437003175730561e-01,-9.459297635854577724e-01,-9.496851506963317480e-01,-9.375687314006201367e-01,-9.254523121049096357e-01,-9.133358928091981355e-01,-9.012194735134876344e-01,-8.891030542177772444e-01,-8.769866349220656332e-01,-8.808827284267795044e-01,-8.877349781408037099e-01,-8.945872278548273604e-01,-9.014394775688515660e-01,-9.082917272828751054e-01,-9.151439769968986448e-01,-9.213701008973631534e-01,-9.265005046240974984e-01,-9.316309083508323985e-01,-9.367613120775667435e-01,-9.418917158043010884e-01,-9.470221195310359885e-01,-9.521525232577703335e-01,-9.576324301993757171e-01,-9.631585949194193530e-01,-9.686847596394634330e-01,-9.742109243595070689e-01,-9.797370890795507048e-01,-9.852632537995948958e-01,-9.828681949895633485e-01,-9.687190625542559941e-01,-9.545699301189498609e-01,-9.404207976836437277e-01,-9.262716652483362623e-01,-9.121225328130301291e-01,-8.979734003777226636e-01,-9.115445543230441539e-01,-9.274582676808149628e-01,-9.433719810385843285e-01,-9.592856943963536942e-01,-9.751994077541243922e-01,-9.911131211118937578e-01,-1.000000000000000000e+00,-1.000000000000000000e+00,-1.000000000000000000e+00,-1.000000000000000000e+00,-1.000000000000000000e+00,-1.000000000000000000e+00,-1.000000000000000000e+00,-9.839822410181535695e-01,-9.673151134289357245e-01,-9.506479858397178795e-01,-9.339808582504984802e-01,-9.173137306612805242e-01,-9.006466030720611249e-01,-8.997937863895627553e-01,-9.160375220386549611e-01,-9.322812576877486102e-01,-9.485249933368407049e-01,-9.647687289859343540e-01,-9.810124646350264488e-01,-9.972562002841200979e-01,1.000000000000000000e+00
-9.711764362367556469e-01,-9.727779465732098174e-01,-9.743794569096640990e-01,-9.759809672461182695e-01,-9.775824775825725510e-01,-9.791839879190267215e-01,-9.802697843310987924e-01,-9.732073007379334895e-01,-9.661448171447680755e-01,-9.590823335516027726e-01,-9.520198499584373586e-01,-9.449573663652720557e-01,-9.386874286352616670e-01,-9.382823302925986653e-01,-9.378772319499355525e-01,-9.374721336072724398e-01,-9.370670352646093271e-01,-9.366619369219462143e-01,-9.345599504559070070e-01,-9.246522786223376755e-01,-9.147446067887682331e-01,-9.048369349551987906e-01,-8.949292631216294591e-01,-8.850215912880600166e-01,-8.747351589528099547e-01,-8.632366930121819770e-01,-8.517382270715541104e-01,-8.402397611309261327e-01,-8.287412951902981550e-01,-8.172428292496701774e-01,-8.098448585401987199e-01,-8.121240565762566366e-01,-8.144032546123144423e-01,-8.166824526483723590e-01,-8.189616506844302757e-01,-8.212408487204881924e-01,-8.199867738422671470e-01,-8.123728077183440810e-01,-8.047588415944210150e-01,-7.971448754704980599e-01,-7.895309093465749939e-01,-7.819169432226519278e-01,-7.764190021148802412e-01,-7.738834960297203969e-01,-7.713479899445605525e-01,-7.688124838594007082e-01,-7.662769777742408639e-01,-7.637414716890810196e-01,-7.647101423563646971e-01,-7.695334074513360267e-01,-7.743566725463074674e-01,-7.791799376412787970e-01,-7.840032027362501266e-01,-7.888264678312215672e-01,-7.898402557272020674e-01,-7.875524967173905821e-01,-7.852647377075789858e-01,-7.829769786977675006e-01,-7.806892196879559043e-01,-7.784014606781444190e-01,-7.608960449995615383e-01,-7.330426227862139044e-01,-7.051892005728661594e-01,-6.773357783595188586e-01,-6.494823561461712247e-01,-6.216289339328235908e-01,-6.287361749295176105e-01,-6.542772201642335084e-01,-6.798182653989495172e-01,-7.053593106336651930e-01,-7.309003558683812019e-01,-7.564414011030970997e-01,-7.525375668905868176e-01,-7.368557808991861302e-01,-7.211739949077854428e-01,-7.054922089163848664e-01,-6.898104229249841790e-01,-6.741286369335834916e-01,-6.554867986486159204e-01,-6.359797143086055593e-01,-6.164726299685953093e-01,-5.969655456285849482e-01,-5.774584612885744761e-01,-5.579513769485642261e-01,-5.531452190800275615e-01,-5.512792465057856361e-01,-5.494132739315437108e-01,-5.475473013573017855e-01,-5.456813287830597492e-01,-5.438153562088178239e-01,-5.335694857576506189e-01,-5.223180275612522294e-01,-5.110665693648540620e-01,-4.998151111684557835e-01,-4.885636529720574495e-01,-4.773121947756592265e-01,-4.649388137052839487e-01,-4.525093364912102789e-01,-4.400798592771363316e-01,-4.276503820630623287e-01,-4.152209048489883814e-01,-4.027083388574904110e-01,-3.832994043398031958e-01,-3.638904698221155920e-01,-3.444815353044279882e-01,-3.250726007867403844e-01,-3.056636662690527806e-01,-2.865355276291966513e-01,-2.710577354011494688e-01,-2.555799431731019533e-01,-2.401021509450544100e-01,-2.246243587170068667e-01,-2.091465664889593512e-01,-1.936761059653995809e-01,-1.782543012988953013e-01,-1.628324966323906886e-01,-1.474106919658860759e-01,-1.319888872993814910e-01,-1.165670826328768783e-01,-1.031777799587388356e-01,-9.842661075215823618e-02,-9.367544154557752578e-02,-8.892427233899682926e-02,-8.417310313241611885e-02,-7.942193392583542233e-02,-7.266611273745510191e-02,-5.989633560367658288e-02,-4.712655846989778630e-02,-3.435678133611899665e-02,-2.158700420234020007e-02,-8.817227068561403480e-03,0.000000000000000000e+00,0.000000000000000000e+00,0.000000000000000000e+00,0.000000000000000000e+00,0.000000000000000000e+00,0.000000000000000000e+00,0.000000000000000000e+00,0.000000000000000000e+00,0.000000000000000000e+00,0.000000000000000000e+00,0.000000000000000000e+00,0.000000000000000000e+00,1.073578473789512690e-02,3.578594912631762048e-02,6.083611351474011580e-02,8.588627790316261112e-02,1.109364422915850995e-01,1.359866066800075879e-01,1.621567502459505539e-01,1.895015061200258644e-01,2.168462619941011749e-01,2.441910178681764854e-01,2.715357737422517959e-01,2.988805296163271064e-01,3.192859058980440645e-01,3.339587512121615642e-01,3.486315965262790639e-01,3.633044418403965081e-01,3.779772871545140078e-01,3.926501324686311745e-01,4.029933994796923713e-01,4.105351746475994212e-01,4.180769498155064712e-01,4.256187249834135211e-01,4.331605001513205710e-01,4.407022753192274545e-01,4.616306704632013314e-01,4.892523755952087883e-01,5.168740807272161897e-01,5.444957858592236466e-01,5.721174909912311035e-01,5.997391961232380053e-01,6.054874154773027817e-01,6.029882549478805531e-01,6.004890944184584356e-01,5.979899338890363181e-01,5.954907733596140895e-01,5.929916128301919720e-01,6.115107266648970308e-01,6.357620971443642688e-01,6.600134676238313958e-01,6.842648381032986338e-01,7.085162085827657608e-01,7.327675790622324437e-01,7.385995786191090762e-01,7.410590173028350769e-01,7.435184559865610776e-01,7.459778946702870783e-01,7.484373333540130790e-01,7.508967720377390798e-01,7.367585751519865056e-01,7.208732587326049934e-01,7.049879423132240364e-01,6.891026258938424132e-01,6.732173094744609010e-01,6.573319930550792778e-01,6.886309979966831474e-01,7.216775703961015864e-01,7.547241427955199145e-01,7.877707151949383535e-01,8.208172875943566815e-01,8.526470139169529672e-01,8.345860510898751583e-01,8.165250882627981266e-01,7.984641254357204287e-01,7.804031626086427309e-01,7.623421997815649220e-01,7.452120275689156914e-01,7.383205521149805994e-01,7.314290766610455075e-01,7.245376012071104155e-01,7.176461257531753235e-01,7.107546502992402315e-01,7.091197215712770063e-01,7.390240731991407630e-01,7.689284248270032984e-01,7.988327764548670551e-01,8.287371280827309228e-01,8.586414797105946795e-01,8.855566318408479853e-01,9.006908212452244822e-01,9.158250106496009790e-01,9.309592000539775869e-01,9.460933894583540837e-01,9.612275788627305806e-01,9.705459566664628168e-01,9.634743199592906704e-01,9.564026832521180799e-01,9.493310465449456004e-01,9.422594098377730099e-01,9.351877731306005304e-01,9.314692233865146109e-01,9.348294127867227132e-01,9.381896021869308155e-01,9.415497915871390289e-01,9.449099809873471312e-01,9.482701703875552335e-01,9.480150695060182153e-01,9.418851219166460842e-01,9.357551743272737310e-01,9.296252267379012668e-01,9.234952791485289136e-01,9.173653315591565605e-01,9.197204509753023061e-01,9.328538987498089519e-01,9.459873465243155977e-01,9.591207942988222435e-01,9.722542420733288893e-01,9.853876898478355351e-01,9.921680557014094237e-01,9.925953396340512214e-01,9.930226235666930190e-01,9.934499074993348167e-01,9.938771914319765033e-01,9.943044753646183009e-01,9.945111177752127274e-01,9.945440636684507174e-01,9.945770095616887074e-01,9.946099554549266974e-01,9.946429013481646875e-01,9.946758472414026775e-01,9.952419116871137339e-01,9.961360490881930874e-01,9.970301864892723298e-01,9.979243238903516833e-01,9.988184612914309257e-01,9.997125986925102792e-01,1.000000000000000000e+00,1.000000000000000000e+00,1.000000000000000000e+00,1.000000000000000000e+00,1.000000000000000000e+00,1.000000000000000000e+00,1.000000000000000000e+00,1.000000000000000000e+00,1.000000000000000000e+00,1.000000000000000000e+00,1.000000000000000000e+00,1.000000000000000000e+00,9.967001950607604632e-01,9.925631261817138284e-01,9.884260573026671937e-01,9.842889884236205589e-01,9.801519195445739241e-01,9.760148506655272893e-01,9.738266072513935834e-01,9.719631680814118102e-01,9.700997289114301481e-01,9.682362897414483749e-01,9.663728505714667127e-01,9.645094114014849396e-01,9.560392274176808813e-01,9.469684302689838074e-01,9.378976331202868444e-01,9.288268359715897704e-01,9.197560388228926964e-01,9.106852416741960665e-01,8.991722612724903918e-01,8.875997154255893529e-01,8.760271695786883139e-01,8.644546237317872750e-01,8.528820778848862361e-01,8.409072567889012140e-01,8.180710039676503120e-01,7.952347511463995211e-01,7.723984983251487302e-01,7.495622455038979393e-01,7.267259926826470373e-01,7.060950951423128341e-01,7.064150727706792754e-01,7.067350503990457167e-01,7.070550280274121580e-01,7.073750056557785992e-01,7.076949832841450405e-01,7.066169846597172288e-01,6.979038849623360186e-01,6.891907852649548083e-01,6.804776855675735980e-01,6.717645858701923878e-01,6.630514861728116216e-01,6.501776168209847384e-01,6.220475920695225369e-01,5.939175673180602244e-01,5.657875425665980229e-01,5.376575178151358214e-01,5.095274930636735089e-01,4.909504457146467438e-01,4.977095558242523587e-01,5.044686659338578627e-01,5.112277760434634777e-01,5.179868861530689816e-01,5.247459962626742636e-01,5.263668060222707057e-01,5.177110150818483580e-01,5.090552241414258994e-01,5.003994332010034407e-01,4.917436422605809820e-01,4.830878513201585789e-01,4.757280832435801798e-01,4.703712595929425699e-01,4.650144359423049600e-01,4.596576122916672946e-01,4.543007886410296847e-01,4.489439649903922969e-01,4.482705220562612225e-01,4.532664347263226090e-01,4.582623473963839955e-01,4.632582600664453820e-01,4.682541727365067685e-01,4.732500854065681550e-01,4.715767245697984333e-01,4.635442889939574429e-01,4.555118534181164525e-01,4.474794178422754620e-01,4.394469822664347491e-01,4.314145466905937587e-01,4.255350849369986532e-01,4.212703535500879615e-01,4.170056221631773252e-01,4.127408907762666890e-01,4.084761593893560527e-01,4.042114280024454165e-01,3.833315884912995020e-01,3.527334781905070438e-01,3.221353678897145301e-01,2.915372575889220164e-01,2.609391472881308349e-01,2.303410369873383490e-01,2.161884540830482093e-01,2.094080041496043376e-01,2.026275542161604659e-01,1.958471042827165942e-01,1.890666543492727225e-01,1.822862044158288508e-01,1.694798615983606760e-01,1.546648878195511778e-01,1.398499140407416519e-01,1.250349402619321537e-01,1.102199664831232800e-01,9.540499270431378187e-02,7.996655923008648414e-02,6.438142935693669244e-02,4.879629948378820525e-02,3.321116961063840661e-02,1.762603973748992636e-02,2.040909864341439173e-03,0.000000000000000000e+00,0.000000000000000000e+00,0.000000000000000000e+00,0.000000000000000000e+00,0.000000000000000000e+00,0.000000000000000000e+00,0.000000000000000000e+00,0.000000000000000000e+00,0.000000000000000000e+00,0.000000000000000000e+00,0.000000000000000000e+00,0.000000000000000000e+00,-1.796046508723967219e-02,-3.613732132011004961e-02,-5.431417755297889699e-02,-7.249103378584927093e-02,-9.066789001871812526e-02,-1.092996075691712032e-01,-1.370285514712694941e-01,-1.647574953733701442e-01,-1.924864392754684350e-01,-2.202153831775667259e-01,-2.479443270796673482e-01,-2.745044551179641190e-01,-2.913244509579136499e-01,-3.081444467978617929e-01,-3.249644426378113238e-01,-3.417844384777594668e-01,-3.586044343177090532e-01,-3.772095033762881133e-01,-4.047399385280243123e-01,-4.322703736797581797e-01,-4.598008088314920472e-01,-4.873312439832282461e-01,-5.148616791349620581e-01,-5.359734765317788474e-01,-5.351267763459772731e-01,-5.342800761601755877e-01,-5.334333759743740133e-01,-5.325866757885724390e-01,-5.317399756027708646e-01,-5.357525834489208494e-01,-5.519134613749474561e-01,-5.680743393009752840e-01,-5.842352172270018906e-01,-6.003960951530283863e-01,-6.165569730790563252e-01,-6.319434034955051516e-01,-6.458610541524109072e-01,-6.597787048093156637e-01,-6.736963554662215303e-01,-6.876140061231261758e-01,-7.015316567800320424e-01,-7.147013391025052176e-01,-7.267710679919920924e-01,-7.388407968814779680e-01,-7.509105257709637327e-01,-7.629802546604506075e-01,-7.750499835499363721e-01,-7.887060399854588510e-01,-8.041924743587134383e-01,-8.196789087319693579e-01,-8.351653431052240562e-01,-8.506517774784799757e-01,-8.661382118517345630e-01,-8.781455272050006089e-01,-8.869900070855479823e-01,-8.958344869660953558e-01,-9.046789668466435064e-01,-9.135234467271908798e-01,-9.223679266077390304e-01,-9.252059588398530154e-01,-9.237536713230859453e-01,-9.223013838063189862e-01,-9.208490962895519161e-01,-9.193968087727849570e-01,-9.179445212560178868e-01,-9.187752123865915443e-01,-9.208742249879101616e-01,-9.229732375892284457e-01,-9.250722501905468409e-01,-9.271712627918653471e-01,-9.292702753931837423e-01,-9.344426566368332354e-01,-9.409173127289275351e-01,-9.473919688210223899e-01,-9.538666249131166897e-01,-9.603412810052115445e-01,-9.668159370973058442e-01,-9.720301701841698172e-01,-9.768505210818987372e-01,-9.816708719796277682e-01,-9.864912228773570213e-01,-9.913115737750860523e-01,-9.961319246728154164e-01,-9.958861463383357204e-01,-9.945390355620715717e-01,-9.931919247858075339e-01,-9.918448140095433851e-01,-9.904977032332793474e-01,-9.891505924570150876e-01,-9.889986973803950310e-01,-9.890083179388617918e-01,-9.890179384973286636e-01,-9.890275590557955354e-01,-9.890371796142622962e-01,-9.890468001727291680e-01,-9.888329216715521230e-01,-9.886048976602710425e-01,-9.883768736489899620e-01,-9.881488496377089925e-01,-9.879208256264279120e-01,-9.876928016151468315e-01,9.000000000000000222e-01
